INTERVALSTARTTIME_GMT,INTERVALENDTIME_GMT,OPR_DT,OPR_HR,NODE_ID,MW,GROUP
2022-05-31T07:00:00-00:00,2022-05-31T08:00:00-00:00,2022-05-31,1,ASH_6_N001,70.01815,1
2022-05-31T08:00:00-00:00,2022-05-31T09:00:00-00:00,2022-05-31,2,ASH_6_N001,68.62951,1
2022-05-31T09:00:00-00:00,2022-05-31T10:00:00-00:00,2022-05-31,3,ASH_6_N001,64.91265,1
2022-05-31T10:00:00-00:00,2022-05-31T11:00:00-00:00,2022-05-31,4,ASH_6_N001,64.55833,1
2022-05-31T11:00:00-00:00,2022-05-31T12:00:00-00:00,2022-05-31,5,ASH_6_N001,69.67856,1
2022-05-31T12:00:00-00:00,2022-05-31T13:00:00-00:00,2022-05-31,6,ASH_6_N001,74.80004,1
2022-05-31T13:00:00-00:00,2022-05-31T14:00:00-00:00,2022-05-31,7,ASH_6_N001,75.08426,1
2022-05-31T14:00:00-00:00,2022-05-31T15:00:00-00:00,2022-05-31,8,ASH_6_N001,54.53748,1
2022-05-31T15:00:00-00:00,2022-05-31T16:00:00-00:00,2022-05-31,9,ASH_6_N001,46.20357,1
2022-05-31T16:00:00-00:00,2022-05-31T17:00:00-00:00,2022-05-31,10,ASH_6_N001,50.32057,1
2022-05-31T17:00:00-00:00,2022-05-31T18:00:00-00:00,2022-05-31,11,ASH_6_N001,49.22683,1
2022-05-31T18:00:00-00:00,2022-05-31T19:00:00-00:00,2022-05-31,12,ASH_6_N001,55.19256,1
2022-05-31T19:00:00-00:00,2022-05-31T20:00:00-00:00,2022-05-31,13,ASH_6_N001,65.16516,1
2022-05-31T20:00:00-00:00,2022-05-31T21:00:00-00:00,2022-05-31,14,ASH_6_N001,73.42116,1
2022-05-31T21:00:00-00:00,2022-05-31T22:00:00-00:00,2022-05-31,15,ASH_6_N001,72.81337,1
2022-05-31T22:00:00-00:00,2022-05-31T23:00:00-00:00,2022-05-31,16,ASH_6_N001,80.79506,1
2022-05-31T23:00:00-00:00,2022-06-01T00:00:00-00:00,2022-05-31,17,ASH_6_N001,65.29587,1
2022-06-01T00:00:00-00:00,2022-06-01T01:00:00-00:00,2022-05-31,18,ASH_6_N001,74.30091,1
2022-06-01T01:00:00-00:00,2022-06-01T02:00:00-00:00,2022-05-31,19,ASH_6_N001,92.20749,1
2022-06-01T02:00:00-00:00,2022-06-01T03:00:00-00:00,2022-05-31,20,ASH_6_N001,126.91431,1
2022-06-01T03:00:00-00:00,2022-06-01T04:00:00-00:00,2022-05-31,21,ASH_6_N001,138.92264,1
2022-06-01T04:00:00-00:00,2022-06-01T05:00:00-00:00,2022-05-31,22,ASH_6_N001,113.86802,1
2022-06-01T05:00:00-00:00,2022-06-01T06:00:00-00:00,2022-05-31,23,ASH_6_N001,90.39508,1
2022-06-01T06:00:00-00:00,2022-06-01T07:00:00-00:00,2022-05-31,24,ASH_6_N001,84.93723,1
2022-06-01T07:00:00-00:00,2022-06-01T08:00:00-00:00,2022-06-01,1,ASH_6_N001,74.05528,6
2022-06-01T08:00:00-00:00,2022-06-01T09:00:00-00:00,2022-06-01,2,ASH_6_N001,73.09381,6
2022-06-01T09:00:00-00:00,2022-06-01T10:00:00-00:00,2022-06-01,3,ASH_6_N001,72.08291,6
2022-06-01T10:00:00-00:00,2022-06-01T11:00:00-00:00,2022-06-01,4,ASH_6_N001,72.06034,6
2022-06-01T11:00:00-00:00,2022-06-01T12:00:00-00:00,2022-06-01,5,ASH_6_N001,73.67381,6
2022-06-01T12:00:00-00:00,2022-06-01T13:00:00-00:00,2022-06-01,6,ASH_6_N001,88.05463,6
2022-06-01T13:00:00-00:00,2022-06-01T14:00:00-00:00,2022-06-01,7,ASH_6_N001,85.37228,6
2022-06-01T14:00:00-00:00,2022-06-01T15:00:00-00:00,2022-06-01,8,ASH_6_N001,69.17028,6
2022-06-01T15:00:00-00:00,2022-06-01T16:00:00-00:00,2022-06-01,9,ASH_6_N001,57.13796,6
2022-06-01T16:00:00-00:00,2022-06-01T17:00:00-00:00,2022-06-01,10,ASH_6_N001,51.65006,6
2022-06-01T17:00:00-00:00,2022-06-01T18:00:00-00:00,2022-06-01,11,ASH_6_N001,51.53265,6
2022-06-01T18:00:00-00:00,2022-06-01T19:00:00-00:00,2022-06-01,12,ASH_6_N001,57.74953,6
2022-06-01T19:00:00-00:00,2022-06-01T20:00:00-00:00,2022-06-01,13,ASH_6_N001,66.74656,6
2022-06-01T20:00:00-00:00,2022-06-01T21:00:00-00:00,2022-06-01,14,ASH_6_N001,71.93955,6
2022-06-01T21:00:00-00:00,2022-06-01T22:00:00-00:00,2022-06-01,15,ASH_6_N001,76.31255,6
2022-06-01T22:00:00-00:00,2022-06-01T23:00:00-00:00,2022-06-01,16,ASH_6_N001,75.70289,6
2022-06-01T23:00:00-00:00,2022-06-02T00:00:00-00:00,2022-06-01,17,ASH_6_N001,79.27569,6
2022-06-02T00:00:00-00:00,2022-06-02T01:00:00-00:00,2022-06-01,18,ASH_6_N001,85.29401,6
2022-06-02T01:00:00-00:00,2022-06-02T02:00:00-00:00,2022-06-01,19,ASH_6_N001,102.25852,6
2022-06-02T02:00:00-00:00,2022-06-02T03:00:00-00:00,2022-06-01,20,ASH_6_N001,134.23064,6
2022-06-02T03:00:00-00:00,2022-06-02T04:00:00-00:00,2022-06-01,21,ASH_6_N001,129.39453,6
2022-06-02T04:00:00-00:00,2022-06-02T05:00:00-00:00,2022-06-01,22,ASH_6_N001,111.06572,6
2022-06-02T05:00:00-00:00,2022-06-02T06:00:00-00:00,2022-06-01,23,ASH_6_N001,88.05755,6
2022-06-02T06:00:00-00:00,2022-06-02T07:00:00-00:00,2022-06-01,24,ASH_6_N001,80.99398,6
2022-06-02T07:00:00-00:00,2022-06-02T08:00:00-00:00,2022-06-02,1,ASH_6_N001,79.20177,11
2022-06-02T08:00:00-00:00,2022-06-02T09:00:00-00:00,2022-06-02,2,ASH_6_N001,75.93382,11
2022-06-02T09:00:00-00:00,2022-06-02T10:00:00-00:00,2022-06-02,3,ASH_6_N001,72.36022,11
2022-06-02T10:00:00-00:00,2022-06-02T11:00:00-00:00,2022-06-02,4,ASH_6_N001,71.48584,11
2022-06-02T11:00:00-00:00,2022-06-02T12:00:00-00:00,2022-06-02,5,ASH_6_N001,74.52358,11
2022-06-02T12:00:00-00:00,2022-06-02T13:00:00-00:00,2022-06-02,6,ASH_6_N001,84.51318,11
2022-06-02T13:00:00-00:00,2022-06-02T14:00:00-00:00,2022-06-02,7,ASH_6_N001,84.33895,11
2022-06-02T14:00:00-00:00,2022-06-02T15:00:00-00:00,2022-06-02,8,ASH_6_N001,65.93592,11
2022-06-02T15:00:00-00:00,2022-06-02T16:00:00-00:00,2022-06-02,9,ASH_6_N001,59.98166,11
2022-06-02T16:00:00-00:00,2022-06-02T17:00:00-00:00,2022-06-02,10,ASH_6_N001,57.67528,11
2022-06-02T17:00:00-00:00,2022-06-02T18:00:00-00:00,2022-06-02,11,ASH_6_N001,61.55411,11
2022-06-02T18:00:00-00:00,2022-06-02T19:00:00-00:00,2022-06-02,12,ASH_6_N001,65.98895,11
2022-06-02T19:00:00-00:00,2022-06-02T20:00:00-00:00,2022-06-02,13,ASH_6_N001,69.76981,11
2022-06-02T20:00:00-00:00,2022-06-02T21:00:00-00:00,2022-06-02,14,ASH_6_N001,70.7154,11
2022-06-02T21:00:00-00:00,2022-06-02T22:00:00-00:00,2022-06-02,15,ASH_6_N001,72.22869,11
2022-06-02T22:00:00-00:00,2022-06-02T23:00:00-00:00,2022-06-02,16,ASH_6_N001,76.24979,11
2022-06-02T23:00:00-00:00,2022-06-03T00:00:00-00:00,2022-06-02,17,ASH_6_N001,77.41516,11
2022-06-03T00:00:00-00:00,2022-06-03T01:00:00-00:00,2022-06-02,18,ASH_6_N001,83.42922,11
2022-06-03T01:00:00-00:00,2022-06-03T02:00:00-00:00,2022-06-02,19,ASH_6_N001,95.37655,11
2022-06-03T02:00:00-00:00,2022-06-03T03:00:00-00:00,2022-06-02,20,ASH_6_N001,128.96579,11
2022-06-03T03:00:00-00:00,2022-06-03T04:00:00-00:00,2022-06-02,21,ASH_6_N001,117.45666,11
2022-06-03T04:00:00-00:00,2022-06-03T05:00:00-00:00,2022-06-02,22,ASH_6_N001,101.91843,11
2022-06-03T05:00:00-00:00,2022-06-03T06:00:00-00:00,2022-06-02,23,ASH_6_N001,81.98547,11
2022-06-03T06:00:00-00:00,2022-06-03T07:00:00-00:00,2022-06-02,24,ASH_6_N001,77.75093,11
2022-06-03T07:00:00-00:00,2022-06-03T08:00:00-00:00,2022-06-03,1,ASH_6_N001,75.83251,16
2022-06-03T08:00:00-00:00,2022-06-03T09:00:00-00:00,2022-06-03,2,ASH_6_N001,74.24904,16
2022-06-03T09:00:00-00:00,2022-06-03T10:00:00-00:00,2022-06-03,3,ASH_6_N001,69.27301,16
2022-06-03T10:00:00-00:00,2022-06-03T11:00:00-00:00,2022-06-03,4,ASH_6_N001,69.11327,16
2022-06-03T11:00:00-00:00,2022-06-03T12:00:00-00:00,2022-06-03,5,ASH_6_N001,69.03556,16
2022-06-03T12:00:00-00:00,2022-06-03T13:00:00-00:00,2022-06-03,6,ASH_6_N001,78.41005,16
2022-06-03T13:00:00-00:00,2022-06-03T14:00:00-00:00,2022-06-03,7,ASH_6_N001,79.72371,16
2022-06-03T14:00:00-00:00,2022-06-03T15:00:00-00:00,2022-06-03,8,ASH_6_N001,54.09114,16
2022-06-03T15:00:00-00:00,2022-06-03T16:00:00-00:00,2022-06-03,9,ASH_6_N001,46.62096,16
2022-06-03T16:00:00-00:00,2022-06-03T17:00:00-00:00,2022-06-03,10,ASH_6_N001,38.31883,16
2022-06-03T17:00:00-00:00,2022-06-03T18:00:00-00:00,2022-06-03,11,ASH_6_N001,36.83164,16
2022-06-03T18:00:00-00:00,2022-06-03T19:00:00-00:00,2022-06-03,12,ASH_6_N001,35.7247,16
2022-06-03T19:00:00-00:00,2022-06-03T20:00:00-00:00,2022-06-03,13,ASH_6_N001,44.30624,16
2022-06-03T20:00:00-00:00,2022-06-03T21:00:00-00:00,2022-06-03,14,ASH_6_N001,46.3118,16
2022-06-03T21:00:00-00:00,2022-06-03T22:00:00-00:00,2022-06-03,15,ASH_6_N001,52.0282,16
2022-06-03T22:00:00-00:00,2022-06-03T23:00:00-00:00,2022-06-03,16,ASH_6_N001,65.95893,16
2022-06-03T23:00:00-00:00,2022-06-04T00:00:00-00:00,2022-06-03,17,ASH_6_N001,66.75387,16
2022-06-04T00:00:00-00:00,2022-06-04T01:00:00-00:00,2022-06-03,18,ASH_6_N001,76.84269,16
2022-06-04T01:00:00-00:00,2022-06-04T02:00:00-00:00,2022-06-03,19,ASH_6_N001,88.12346,16
2022-06-04T02:00:00-00:00,2022-06-04T03:00:00-00:00,2022-06-03,20,ASH_6_N001,109.546,16
2022-06-04T03:00:00-00:00,2022-06-04T04:00:00-00:00,2022-06-03,21,ASH_6_N001,115.09005,16
2022-06-04T04:00:00-00:00,2022-06-04T05:00:00-00:00,2022-06-03,22,ASH_6_N001,105.81174,16
2022-06-04T05:00:00-00:00,2022-06-04T06:00:00-00:00,2022-06-03,23,ASH_6_N001,86.69254,16
2022-06-04T06:00:00-00:00,2022-06-04T07:00:00-00:00,2022-06-03,24,ASH_6_N001,81.19433,16
2022-06-04T07:00:00-00:00,2022-06-04T08:00:00-00:00,2022-06-04,1,ASH_6_N001,76.31244,21
2022-06-04T08:00:00-00:00,2022-06-04T09:00:00-00:00,2022-06-04,2,ASH_6_N001,74.71359,21
2022-06-04T09:00:00-00:00,2022-06-04T10:00:00-00:00,2022-06-04,3,ASH_6_N001,69.95553,21
2022-06-04T10:00:00-00:00,2022-06-04T11:00:00-00:00,2022-06-04,4,ASH_6_N001,68.14751,21
2022-06-04T11:00:00-00:00,2022-06-04T12:00:00-00:00,2022-06-04,5,ASH_6_N001,67.11337,21
2022-06-04T12:00:00-00:00,2022-06-04T13:00:00-00:00,2022-06-04,6,ASH_6_N001,70.67504,21
2022-06-04T13:00:00-00:00,2022-06-04T14:00:00-00:00,2022-06-04,7,ASH_6_N001,68.21376,21
2022-06-04T14:00:00-00:00,2022-06-04T15:00:00-00:00,2022-06-04,8,ASH_6_N001,33.99955,21
2022-06-04T15:00:00-00:00,2022-06-04T16:00:00-00:00,2022-06-04,9,ASH_6_N001,24.84971,21
2022-06-04T16:00:00-00:00,2022-06-04T17:00:00-00:00,2022-06-04,10,ASH_6_N001,21.45663,21
2022-06-04T17:00:00-00:00,2022-06-04T18:00:00-00:00,2022-06-04,11,ASH_6_N001,16.1922,21
2022-06-04T18:00:00-00:00,2022-06-04T19:00:00-00:00,2022-06-04,12,ASH_6_N001,14.60786,21
2022-06-04T19:00:00-00:00,2022-06-04T20:00:00-00:00,2022-06-04,13,ASH_6_N001,16.266,21
2022-06-04T20:00:00-00:00,2022-06-04T21:00:00-00:00,2022-06-04,14,ASH_6_N001,150.0,21
2022-06-04T21:00:00-00:00,2022-06-04T22:00:00-00:00,2022-06-04,15,ASH_6_N001,150.0,21
2022-06-04T22:00:00-00:00,2022-06-04T23:00:00-00:00,2022-06-04,16,ASH_6_N001,36.23521,21
2022-06-04T23:00:00-00:00,2022-06-05T00:00:00-00:00,2022-06-04,17,ASH_6_N001,42.24436,21
2022-06-05T00:00:00-00:00,2022-06-05T01:00:00-00:00,2022-06-04,18,ASH_6_N001,62.35914,21
2022-06-05T01:00:00-00:00,2022-06-05T02:00:00-00:00,2022-06-04,19,ASH_6_N001,80.9465,21
2022-06-05T02:00:00-00:00,2022-06-05T03:00:00-00:00,2022-06-04,20,ASH_6_N001,103.39598,21
2022-06-05T03:00:00-00:00,2022-06-05T04:00:00-00:00,2022-06-04,21,ASH_6_N001,113.33897,21
2022-06-05T04:00:00-00:00,2022-06-05T05:00:00-00:00,2022-06-04,22,ASH_6_N001,101.6,21
2022-06-05T05:00:00-00:00,2022-06-05T06:00:00-00:00,2022-06-04,23,ASH_6_N001,85.02611,21
2022-06-05T06:00:00-00:00,2022-06-05T07:00:00-00:00,2022-06-04,24,ASH_6_N001,77.24329,21
2022-06-05T07:00:00-00:00,2022-06-05T08:00:00-00:00,2022-06-05,1,ASH_6_N001,75.45939,26
2022-06-05T08:00:00-00:00,2022-06-05T09:00:00-00:00,2022-06-05,2,ASH_6_N001,74.42992,26
2022-06-05T09:00:00-00:00,2022-06-05T10:00:00-00:00,2022-06-05,3,ASH_6_N001,72.45983,26
2022-06-05T10:00:00-00:00,2022-06-05T11:00:00-00:00,2022-06-05,4,ASH_6_N001,68.58711,26
2022-06-05T11:00:00-00:00,2022-06-05T12:00:00-00:00,2022-06-05,5,ASH_6_N001,67.23118,26
2022-06-05T12:00:00-00:00,2022-06-05T13:00:00-00:00,2022-06-05,6,ASH_6_N001,67.90446,26
2022-06-05T13:00:00-00:00,2022-06-05T14:00:00-00:00,2022-06-05,7,ASH_6_N001,53.85223,26
2022-06-05T14:00:00-00:00,2022-06-05T15:00:00-00:00,2022-06-05,8,ASH_6_N001,13.1008,26
2022-06-05T15:00:00-00:00,2022-06-05T16:00:00-00:00,2022-06-05,9,ASH_6_N001,5.28382,26
2022-06-05T16:00:00-00:00,2022-06-05T17:00:00-00:00,2022-06-05,10,ASH_6_N001,2.80992,26
2022-06-05T17:00:00-00:00,2022-06-05T18:00:00-00:00,2022-06-05,11,ASH_6_N001,0.33651,26
2022-06-05T18:00:00-00:00,2022-06-05T19:00:00-00:00,2022-06-05,12,ASH_6_N001,0.29593,26
2022-06-05T19:00:00-00:00,2022-06-05T20:00:00-00:00,2022-06-05,13,ASH_6_N001,0.69435,26
2022-06-05T20:00:00-00:00,2022-06-05T21:00:00-00:00,2022-06-05,14,ASH_6_N001,3.45503,26
2022-06-05T21:00:00-00:00,2022-06-05T22:00:00-00:00,2022-06-05,15,ASH_6_N001,7.2193,26
2022-06-05T22:00:00-00:00,2022-06-05T23:00:00-00:00,2022-06-05,16,ASH_6_N001,15.47,26
2022-06-05T23:00:00-00:00,2022-06-06T00:00:00-00:00,2022-06-05,17,ASH_6_N001,28.25055,26
2022-06-06T00:00:00-00:00,2022-06-06T01:00:00-00:00,2022-06-05,18,ASH_6_N001,51.55706,26
2022-06-06T01:00:00-00:00,2022-06-06T02:00:00-00:00,2022-06-05,19,ASH_6_N001,79.9516,26
2022-06-06T02:00:00-00:00,2022-06-06T03:00:00-00:00,2022-06-05,20,ASH_6_N001,113.54745,26
2022-06-06T03:00:00-00:00,2022-06-06T04:00:00-00:00,2022-06-05,21,ASH_6_N001,120.73872,26
2022-06-06T04:00:00-00:00,2022-06-06T05:00:00-00:00,2022-06-05,22,ASH_6_N001,105.60213,26
2022-06-06T05:00:00-00:00,2022-06-06T06:00:00-00:00,2022-06-05,23,ASH_6_N001,86.93521,26
2022-06-06T06:00:00-00:00,2022-06-06T07:00:00-00:00,2022-06-05,24,ASH_6_N001,76.79444,26
2022-06-06T07:00:00-00:00,2022-06-06T08:00:00-00:00,2022-06-06,1,ASH_6_N001,71.61981,31
2022-06-06T08:00:00-00:00,2022-06-06T09:00:00-00:00,2022-06-06,2,ASH_6_N001,70.22699,31
2022-06-06T09:00:00-00:00,2022-06-06T10:00:00-00:00,2022-06-06,3,ASH_6_N001,65.57822,31
2022-06-06T10:00:00-00:00,2022-06-06T11:00:00-00:00,2022-06-06,4,ASH_6_N001,63.2916,31
2022-06-06T11:00:00-00:00,2022-06-06T12:00:00-00:00,2022-06-06,5,ASH_6_N001,65.32045,31
2022-06-06T12:00:00-00:00,2022-06-06T13:00:00-00:00,2022-06-06,6,ASH_6_N001,78.62407,31
2022-06-06T13:00:00-00:00,2022-06-06T14:00:00-00:00,2022-06-06,7,ASH_6_N001,80.63191,31
2022-06-06T14:00:00-00:00,2022-06-06T15:00:00-00:00,2022-06-06,8,ASH_6_N001,51.00491,31
2022-06-06T15:00:00-00:00,2022-06-06T16:00:00-00:00,2022-06-06,9,ASH_6_N001,39.13496,31
2022-06-06T16:00:00-00:00,2022-06-06T17:00:00-00:00,2022-06-06,10,ASH_6_N001,28.42312,31
2022-06-06T17:00:00-00:00,2022-06-06T18:00:00-00:00,2022-06-06,11,ASH_6_N001,28.9148,31
2022-06-06T18:00:00-00:00,2022-06-06T19:00:00-00:00,2022-06-06,12,ASH_6_N001,36.6785,31
2022-06-06T19:00:00-00:00,2022-06-06T20:00:00-00:00,2022-06-06,13,ASH_6_N001,41.67582,31
2022-06-06T20:00:00-00:00,2022-06-06T21:00:00-00:00,2022-06-06,14,ASH_6_N001,47.62496,31
2022-06-06T21:00:00-00:00,2022-06-06T22:00:00-00:00,2022-06-06,15,ASH_6_N001,52.77329,31
2022-06-06T22:00:00-00:00,2022-06-06T23:00:00-00:00,2022-06-06,16,ASH_6_N001,65.69909,31
2022-06-06T23:00:00-00:00,2022-06-07T00:00:00-00:00,2022-06-06,17,ASH_6_N001,66.73456,31
2022-06-07T00:00:00-00:00,2022-06-07T01:00:00-00:00,2022-06-06,18,ASH_6_N001,79.18134,31
2022-06-07T01:00:00-00:00,2022-06-07T02:00:00-00:00,2022-06-06,19,ASH_6_N001,99.88572,31
2022-06-07T02:00:00-00:00,2022-06-07T03:00:00-00:00,2022-06-06,20,ASH_6_N001,133.8048,31
2022-06-07T03:00:00-00:00,2022-06-07T04:00:00-00:00,2022-06-06,21,ASH_6_N001,132.01369,31
2022-06-07T04:00:00-00:00,2022-06-07T05:00:00-00:00,2022-06-06,22,ASH_6_N001,119.46343,31
2022-06-07T05:00:00-00:00,2022-06-07T06:00:00-00:00,2022-06-06,23,ASH_6_N001,90.24356,31
2022-06-07T06:00:00-00:00,2022-06-07T07:00:00-00:00,2022-06-06,24,ASH_6_N001,83.87688,31
2022-06-07T07:00:00-00:00,2022-06-07T08:00:00-00:00,2022-06-07,1,ASH_6_N001,85.05157,36
2022-06-07T08:00:00-00:00,2022-06-07T09:00:00-00:00,2022-06-07,2,ASH_6_N001,79.00688,36
2022-06-07T09:00:00-00:00,2022-06-07T10:00:00-00:00,2022-06-07,3,ASH_6_N001,75.64237,36
2022-06-07T10:00:00-00:00,2022-06-07T11:00:00-00:00,2022-06-07,4,ASH_6_N001,73.95573,36
2022-06-07T11:00:00-00:00,2022-06-07T12:00:00-00:00,2022-06-07,5,ASH_6_N001,76.4643,36
2022-06-07T12:00:00-00:00,2022-06-07T13:00:00-00:00,2022-06-07,6,ASH_6_N001,91.71344,36
2022-06-07T13:00:00-00:00,2022-06-07T14:00:00-00:00,2022-06-07,7,ASH_6_N001,85.34785,36
2022-06-07T14:00:00-00:00,2022-06-07T15:00:00-00:00,2022-06-07,8,ASH_6_N001,62.19874,36
2022-06-07T15:00:00-00:00,2022-06-07T16:00:00-00:00,2022-06-07,9,ASH_6_N001,49.36302,36
2022-06-07T16:00:00-00:00,2022-06-07T17:00:00-00:00,2022-06-07,10,ASH_6_N001,49.83028,36
2022-06-07T17:00:00-00:00,2022-06-07T18:00:00-00:00,2022-06-07,11,ASH_6_N001,51.78271,36
2022-06-07T18:00:00-00:00,2022-06-07T19:00:00-00:00,2022-06-07,12,ASH_6_N001,55.4184,36
2022-06-07T19:00:00-00:00,2022-06-07T20:00:00-00:00,2022-06-07,13,ASH_6_N001,73.20098,36
2022-06-07T20:00:00-00:00,2022-06-07T21:00:00-00:00,2022-06-07,14,ASH_6_N001,79.50094,36
2022-06-07T21:00:00-00:00,2022-06-07T22:00:00-00:00,2022-06-07,15,ASH_6_N001,77.82752,36
2022-06-07T22:00:00-00:00,2022-06-07T23:00:00-00:00,2022-06-07,16,ASH_6_N001,81.63998,36
2022-06-07T23:00:00-00:00,2022-06-08T00:00:00-00:00,2022-06-07,17,ASH_6_N001,77.49,36
2022-06-08T00:00:00-00:00,2022-06-08T01:00:00-00:00,2022-06-07,18,ASH_6_N001,94.7943,36
2022-06-08T01:00:00-00:00,2022-06-08T02:00:00-00:00,2022-06-07,19,ASH_6_N001,112.20757,36
2022-06-08T02:00:00-00:00,2022-06-08T03:00:00-00:00,2022-06-07,20,ASH_6_N001,141.26286,36
2022-06-08T03:00:00-00:00,2022-06-08T04:00:00-00:00,2022-06-07,21,ASH_6_N001,131.90256,36
2022-06-08T04:00:00-00:00,2022-06-08T05:00:00-00:00,2022-06-07,22,ASH_6_N001,115.92738,36
2022-06-08T05:00:00-00:00,2022-06-08T06:00:00-00:00,2022-06-07,23,ASH_6_N001,92.21449,36
2022-06-08T06:00:00-00:00,2022-06-08T07:00:00-00:00,2022-06-07,24,ASH_6_N001,88.93036,36
2022-06-08T07:00:00-00:00,2022-06-08T08:00:00-00:00,2022-06-08,1,ASH_6_N001,87.72832,41
2022-06-08T08:00:00-00:00,2022-06-08T09:00:00-00:00,2022-06-08,2,ASH_6_N001,82.36414,41
2022-06-08T09:00:00-00:00,2022-06-08T10:00:00-00:00,2022-06-08,3,ASH_6_N001,83.03068,41
2022-06-08T10:00:00-00:00,2022-06-08T11:00:00-00:00,2022-06-08,4,ASH_6_N001,80.65075,41
2022-06-08T11:00:00-00:00,2022-06-08T12:00:00-00:00,2022-06-08,5,ASH_6_N001,83.69842,41
2022-06-08T12:00:00-00:00,2022-06-08T13:00:00-00:00,2022-06-08,6,ASH_6_N001,94.59327,41
2022-06-08T13:00:00-00:00,2022-06-08T14:00:00-00:00,2022-06-08,7,ASH_6_N001,90.90941,41
2022-06-08T14:00:00-00:00,2022-06-08T15:00:00-00:00,2022-06-08,8,ASH_6_N001,61.41589,41
2022-06-08T15:00:00-00:00,2022-06-08T16:00:00-00:00,2022-06-08,9,ASH_6_N001,54.26176,41
2022-06-08T16:00:00-00:00,2022-06-08T17:00:00-00:00,2022-06-08,10,ASH_6_N001,47.54949,41
2022-06-08T17:00:00-00:00,2022-06-08T18:00:00-00:00,2022-06-08,11,ASH_6_N001,53.04882,41
2022-06-08T18:00:00-00:00,2022-06-08T19:00:00-00:00,2022-06-08,12,ASH_6_N001,58.47977,41
2022-06-08T19:00:00-00:00,2022-06-08T20:00:00-00:00,2022-06-08,13,ASH_6_N001,77.87053,41
2022-06-08T20:00:00-00:00,2022-06-08T21:00:00-00:00,2022-06-08,14,ASH_6_N001,80.76289,41
2022-06-08T21:00:00-00:00,2022-06-08T22:00:00-00:00,2022-06-08,15,ASH_6_N001,85.86984,41
2022-06-08T22:00:00-00:00,2022-06-08T23:00:00-00:00,2022-06-08,16,ASH_6_N001,91.16792,41
2022-06-08T23:00:00-00:00,2022-06-09T00:00:00-00:00,2022-06-08,17,ASH_6_N001,93.08903,41
2022-06-09T00:00:00-00:00,2022-06-09T01:00:00-00:00,2022-06-08,18,ASH_6_N001,104.38511,41
2022-06-09T01:00:00-00:00,2022-06-09T02:00:00-00:00,2022-06-08,19,ASH_6_N001,127.14722,41
2022-06-09T02:00:00-00:00,2022-06-09T03:00:00-00:00,2022-06-08,20,ASH_6_N001,163.4526,41
2022-06-09T03:00:00-00:00,2022-06-09T04:00:00-00:00,2022-06-08,21,ASH_6_N001,141.89626,41
2022-06-09T04:00:00-00:00,2022-06-09T05:00:00-00:00,2022-06-08,22,ASH_6_N001,123.07223,41
2022-06-09T05:00:00-00:00,2022-06-09T06:00:00-00:00,2022-06-08,23,ASH_6_N001,96.70293,41
2022-06-09T06:00:00-00:00,2022-06-09T07:00:00-00:00,2022-06-08,24,ASH_6_N001,90.7498,41
2022-06-09T07:00:00-00:00,2022-06-09T08:00:00-00:00,2022-06-09,1,ASH_6_N001,88.94216,46
2022-06-09T08:00:00-00:00,2022-06-09T09:00:00-00:00,2022-06-09,2,ASH_6_N001,84.04145,46
2022-06-09T09:00:00-00:00,2022-06-09T10:00:00-00:00,2022-06-09,3,ASH_6_N001,83.89564,46
2022-06-09T10:00:00-00:00,2022-06-09T11:00:00-00:00,2022-06-09,4,ASH_6_N001,83.82563,46
2022-06-09T11:00:00-00:00,2022-06-09T12:00:00-00:00,2022-06-09,5,ASH_6_N001,84.18556,46
2022-06-09T12:00:00-00:00,2022-06-09T13:00:00-00:00,2022-06-09,6,ASH_6_N001,93.62752,46
2022-06-09T13:00:00-00:00,2022-06-09T14:00:00-00:00,2022-06-09,7,ASH_6_N001,93.81232,46
2022-06-09T14:00:00-00:00,2022-06-09T15:00:00-00:00,2022-06-09,8,ASH_6_N001,69.85638,46
2022-06-09T15:00:00-00:00,2022-06-09T16:00:00-00:00,2022-06-09,9,ASH_6_N001,68.49307,46
2022-06-09T16:00:00-00:00,2022-06-09T17:00:00-00:00,2022-06-09,10,ASH_6_N001,70.63354,46
2022-06-09T17:00:00-00:00,2022-06-09T18:00:00-00:00,2022-06-09,11,ASH_6_N001,69.55498,46
2022-06-09T18:00:00-00:00,2022-06-09T19:00:00-00:00,2022-06-09,12,ASH_6_N001,77.71267,46
2022-06-09T19:00:00-00:00,2022-06-09T20:00:00-00:00,2022-06-09,13,ASH_6_N001,86.59734,46
2022-06-09T20:00:00-00:00,2022-06-09T21:00:00-00:00,2022-06-09,14,ASH_6_N001,88.36951,46
2022-06-09T21:00:00-00:00,2022-06-09T22:00:00-00:00,2022-06-09,15,ASH_6_N001,92.03909,46
2022-06-09T22:00:00-00:00,2022-06-09T23:00:00-00:00,2022-06-09,16,ASH_6_N001,101.69268,46
2022-06-09T23:00:00-00:00,2022-06-10T00:00:00-00:00,2022-06-09,17,ASH_6_N001,104.97593,46
2022-06-10T00:00:00-00:00,2022-06-10T01:00:00-00:00,2022-06-09,18,ASH_6_N001,113.40031,46
2022-06-10T01:00:00-00:00,2022-06-10T02:00:00-00:00,2022-06-09,19,ASH_6_N001,144.22388,46
2022-06-10T02:00:00-00:00,2022-06-10T03:00:00-00:00,2022-06-09,20,ASH_6_N001,184.4084,46
2022-06-10T03:00:00-00:00,2022-06-10T04:00:00-00:00,2022-06-09,21,ASH_6_N001,154.04082,46
2022-06-10T04:00:00-00:00,2022-06-10T05:00:00-00:00,2022-06-09,22,ASH_6_N001,132.55147,46
2022-06-10T05:00:00-00:00,2022-06-10T06:00:00-00:00,2022-06-09,23,ASH_6_N001,100.79162,46
2022-06-10T06:00:00-00:00,2022-06-10T07:00:00-00:00,2022-06-09,24,ASH_6_N001,91.93635,46
2022-06-10T07:00:00-00:00,2022-06-10T08:00:00-00:00,2022-06-10,1,ASH_6_N001,84.18527,51
2022-06-10T08:00:00-00:00,2022-06-10T09:00:00-00:00,2022-06-10,2,ASH_6_N001,77.60005,51
2022-06-10T09:00:00-00:00,2022-06-10T10:00:00-00:00,2022-06-10,3,ASH_6_N001,76.34466,51
2022-06-10T10:00:00-00:00,2022-06-10T11:00:00-00:00,2022-06-10,4,ASH_6_N001,77.19556,51
2022-06-10T11:00:00-00:00,2022-06-10T12:00:00-00:00,2022-06-10,5,ASH_6_N001,79.77065,51
2022-06-10T12:00:00-00:00,2022-06-10T13:00:00-00:00,2022-06-10,6,ASH_6_N001,88.65598,51
2022-06-10T13:00:00-00:00,2022-06-10T14:00:00-00:00,2022-06-10,7,ASH_6_N001,91.02577,51
2022-06-10T14:00:00-00:00,2022-06-10T15:00:00-00:00,2022-06-10,8,ASH_6_N001,70.58762,51
2022-06-10T15:00:00-00:00,2022-06-10T16:00:00-00:00,2022-06-10,9,ASH_6_N001,66.71734,51
2022-06-10T16:00:00-00:00,2022-06-10T17:00:00-00:00,2022-06-10,10,ASH_6_N001,67.00837,51
2022-06-10T17:00:00-00:00,2022-06-10T18:00:00-00:00,2022-06-10,11,ASH_6_N001,70.20874,51
2022-06-10T18:00:00-00:00,2022-06-10T19:00:00-00:00,2022-06-10,12,ASH_6_N001,75.71062,51
2022-06-10T19:00:00-00:00,2022-06-10T20:00:00-00:00,2022-06-10,13,ASH_6_N001,83.41168,51
2022-06-10T20:00:00-00:00,2022-06-10T21:00:00-00:00,2022-06-10,14,ASH_6_N001,100.75866,51
2022-06-10T21:00:00-00:00,2022-06-10T22:00:00-00:00,2022-06-10,15,ASH_6_N001,105.36165,51
2022-06-10T22:00:00-00:00,2022-06-10T23:00:00-00:00,2022-06-10,16,ASH_6_N001,118.53584,51
2022-06-10T23:00:00-00:00,2022-06-11T00:00:00-00:00,2022-06-10,17,ASH_6_N001,131.78694,51
2022-06-11T00:00:00-00:00,2022-06-11T01:00:00-00:00,2022-06-10,18,ASH_6_N001,139.14645,51
2022-06-11T01:00:00-00:00,2022-06-11T02:00:00-00:00,2022-06-10,19,ASH_6_N001,171.13522,51
2022-06-11T02:00:00-00:00,2022-06-11T03:00:00-00:00,2022-06-10,20,ASH_6_N001,265.88022,51
2022-06-11T03:00:00-00:00,2022-06-11T04:00:00-00:00,2022-06-10,21,ASH_6_N001,176.43945,51
2022-06-11T04:00:00-00:00,2022-06-11T05:00:00-00:00,2022-06-10,22,ASH_6_N001,140.3043,51
2022-06-11T05:00:00-00:00,2022-06-11T06:00:00-00:00,2022-06-10,23,ASH_6_N001,104.70892,51
2022-06-11T06:00:00-00:00,2022-06-11T07:00:00-00:00,2022-06-10,24,ASH_6_N001,90.7042,51
2022-06-11T07:00:00-00:00,2022-06-11T08:00:00-00:00,2022-06-11,1,ASH_6_N001,91.07441,56
2022-06-11T08:00:00-00:00,2022-06-11T09:00:00-00:00,2022-06-11,2,ASH_6_N001,82.1241,56
2022-06-11T09:00:00-00:00,2022-06-11T10:00:00-00:00,2022-06-11,3,ASH_6_N001,80.83911,56
2022-06-11T10:00:00-00:00,2022-06-11T11:00:00-00:00,2022-06-11,4,ASH_6_N001,78.37094,56
2022-06-11T11:00:00-00:00,2022-06-11T12:00:00-00:00,2022-06-11,5,ASH_6_N001,82.13487,56
2022-06-11T12:00:00-00:00,2022-06-11T13:00:00-00:00,2022-06-11,6,ASH_6_N001,84.15849,56
2022-06-11T13:00:00-00:00,2022-06-11T14:00:00-00:00,2022-06-11,7,ASH_6_N001,80.97798,56
2022-06-11T14:00:00-00:00,2022-06-11T15:00:00-00:00,2022-06-11,8,ASH_6_N001,53.24463,56
2022-06-11T15:00:00-00:00,2022-06-11T16:00:00-00:00,2022-06-11,9,ASH_6_N001,43.53596,56
2022-06-11T16:00:00-00:00,2022-06-11T17:00:00-00:00,2022-06-11,10,ASH_6_N001,42.17488,56
2022-06-11T17:00:00-00:00,2022-06-11T18:00:00-00:00,2022-06-11,11,ASH_6_N001,48.36807,56
2022-06-11T18:00:00-00:00,2022-06-11T19:00:00-00:00,2022-06-11,12,ASH_6_N001,62.9672,56
2022-06-11T19:00:00-00:00,2022-06-11T20:00:00-00:00,2022-06-11,13,ASH_6_N001,74.76006,56
2022-06-11T20:00:00-00:00,2022-06-11T21:00:00-00:00,2022-06-11,14,ASH_6_N001,79.29362,56
2022-06-11T21:00:00-00:00,2022-06-11T22:00:00-00:00,2022-06-11,15,ASH_6_N001,83.6143,56
2022-06-11T22:00:00-00:00,2022-06-11T23:00:00-00:00,2022-06-11,16,ASH_6_N001,85.65713,56
2022-06-11T23:00:00-00:00,2022-06-12T00:00:00-00:00,2022-06-11,17,ASH_6_N001,84.75158,56
2022-06-12T00:00:00-00:00,2022-06-12T01:00:00-00:00,2022-06-11,18,ASH_6_N001,93.70968,56
2022-06-12T01:00:00-00:00,2022-06-12T02:00:00-00:00,2022-06-11,19,ASH_6_N001,121.30873,56
2022-06-12T02:00:00-00:00,2022-06-12T03:00:00-00:00,2022-06-11,20,ASH_6_N001,154.50005,56
2022-06-12T03:00:00-00:00,2022-06-12T04:00:00-00:00,2022-06-11,21,ASH_6_N001,131.539,56
2022-06-12T04:00:00-00:00,2022-06-12T05:00:00-00:00,2022-06-11,22,ASH_6_N001,116.45454,56
2022-06-12T05:00:00-00:00,2022-06-12T06:00:00-00:00,2022-06-11,23,ASH_6_N001,94.90999,56
2022-06-12T06:00:00-00:00,2022-06-12T07:00:00-00:00,2022-06-11,24,ASH_6_N001,91.96497,56
2022-06-12T07:00:00-00:00,2022-06-12T08:00:00-00:00,2022-06-12,1,ASH_6_N001,75.74946,61
2022-06-12T08:00:00-00:00,2022-06-12T09:00:00-00:00,2022-06-12,2,ASH_6_N001,73.91071,61
2022-06-12T09:00:00-00:00,2022-06-12T10:00:00-00:00,2022-06-12,3,ASH_6_N001,74.32902,61
2022-06-12T10:00:00-00:00,2022-06-12T11:00:00-00:00,2022-06-12,4,ASH_6_N001,70.93773,61
2022-06-12T11:00:00-00:00,2022-06-12T12:00:00-00:00,2022-06-12,5,ASH_6_N001,70.93336,61
2022-06-12T12:00:00-00:00,2022-06-12T13:00:00-00:00,2022-06-12,6,ASH_6_N001,70.85384,61
2022-06-12T13:00:00-00:00,2022-06-12T14:00:00-00:00,2022-06-12,7,ASH_6_N001,61.64426,61
2022-06-12T14:00:00-00:00,2022-06-12T15:00:00-00:00,2022-06-12,8,ASH_6_N001,16.81866,61
2022-06-12T15:00:00-00:00,2022-06-12T16:00:00-00:00,2022-06-12,9,ASH_6_N001,2.7279,61
2022-06-12T16:00:00-00:00,2022-06-12T17:00:00-00:00,2022-06-12,10,ASH_6_N001,3.60202,61
2022-06-12T17:00:00-00:00,2022-06-12T18:00:00-00:00,2022-06-12,11,ASH_6_N001,3.30277,61
2022-06-12T18:00:00-00:00,2022-06-12T19:00:00-00:00,2022-06-12,12,ASH_6_N001,5.26638,61
2022-06-12T19:00:00-00:00,2022-06-12T20:00:00-00:00,2022-06-12,13,ASH_6_N001,10.83341,61
2022-06-12T20:00:00-00:00,2022-06-12T21:00:00-00:00,2022-06-12,14,ASH_6_N001,20.38684,61
2022-06-12T21:00:00-00:00,2022-06-12T22:00:00-00:00,2022-06-12,15,ASH_6_N001,32.97758,61
2022-06-12T22:00:00-00:00,2022-06-12T23:00:00-00:00,2022-06-12,16,ASH_6_N001,58.62766,61
2022-06-12T23:00:00-00:00,2022-06-13T00:00:00-00:00,2022-06-12,17,ASH_6_N001,63.63919,61
2022-06-13T00:00:00-00:00,2022-06-13T01:00:00-00:00,2022-06-12,18,ASH_6_N001,74.44413,61
2022-06-13T01:00:00-00:00,2022-06-13T02:00:00-00:00,2022-06-12,19,ASH_6_N001,93.13914,61
2022-06-13T02:00:00-00:00,2022-06-13T03:00:00-00:00,2022-06-12,20,ASH_6_N001,118.89552,61
2022-06-13T03:00:00-00:00,2022-06-13T04:00:00-00:00,2022-06-12,21,ASH_6_N001,120.71838,61
2022-06-13T04:00:00-00:00,2022-06-13T05:00:00-00:00,2022-06-12,22,ASH_6_N001,102.92809,61
2022-06-13T05:00:00-00:00,2022-06-13T06:00:00-00:00,2022-06-12,23,ASH_6_N001,82.85228,61
2022-06-13T06:00:00-00:00,2022-06-13T07:00:00-00:00,2022-06-12,24,ASH_6_N001,79.48727,61
2022-06-13T07:00:00-00:00,2022-06-13T08:00:00-00:00,2022-06-13,1,ASH_6_N001,75.23589,66
2022-06-13T08:00:00-00:00,2022-06-13T09:00:00-00:00,2022-06-13,2,ASH_6_N001,72.65515,66
2022-06-13T09:00:00-00:00,2022-06-13T10:00:00-00:00,2022-06-13,3,ASH_6_N001,70.20129,66
2022-06-13T10:00:00-00:00,2022-06-13T11:00:00-00:00,2022-06-13,4,ASH_6_N001,68.64639,66
2022-06-13T11:00:00-00:00,2022-06-13T12:00:00-00:00,2022-06-13,5,ASH_6_N001,68.64676,66
2022-06-13T12:00:00-00:00,2022-06-13T13:00:00-00:00,2022-06-13,6,ASH_6_N001,77.84822,66
2022-06-13T13:00:00-00:00,2022-06-13T14:00:00-00:00,2022-06-13,7,ASH_6_N001,73.96688,66
2022-06-13T14:00:00-00:00,2022-06-13T15:00:00-00:00,2022-06-13,8,ASH_6_N001,34.10504,66
2022-06-13T15:00:00-00:00,2022-06-13T16:00:00-00:00,2022-06-13,9,ASH_6_N001,23.05385,66
2022-06-13T16:00:00-00:00,2022-06-13T17:00:00-00:00,2022-06-13,10,ASH_6_N001,25.70917,66
2022-06-13T17:00:00-00:00,2022-06-13T18:00:00-00:00,2022-06-13,11,ASH_6_N001,19.55431,66
2022-06-13T18:00:00-00:00,2022-06-13T19:00:00-00:00,2022-06-13,12,ASH_6_N001,22.2038,66
2022-06-13T19:00:00-00:00,2022-06-13T20:00:00-00:00,2022-06-13,13,ASH_6_N001,25.24496,66
2022-06-13T20:00:00-00:00,2022-06-13T21:00:00-00:00,2022-06-13,14,ASH_6_N001,29.88362,66
2022-06-13T21:00:00-00:00,2022-06-13T22:00:00-00:00,2022-06-13,15,ASH_6_N001,41.54236,66
2022-06-13T22:00:00-00:00,2022-06-13T23:00:00-00:00,2022-06-13,16,ASH_6_N001,56.06995,66
2022-06-13T23:00:00-00:00,2022-06-14T00:00:00-00:00,2022-06-13,17,ASH_6_N001,61.42232,66
2022-06-14T00:00:00-00:00,2022-06-14T01:00:00-00:00,2022-06-13,18,ASH_6_N001,69.45188,66
2022-06-14T01:00:00-00:00,2022-06-14T02:00:00-00:00,2022-06-13,19,ASH_6_N001,87.39973,66
2022-06-14T02:00:00-00:00,2022-06-14T03:00:00-00:00,2022-06-13,20,ASH_6_N001,124.11299,66
2022-06-14T03:00:00-00:00,2022-06-14T04:00:00-00:00,2022-06-13,21,ASH_6_N001,122.85143,66
2022-06-14T04:00:00-00:00,2022-06-14T05:00:00-00:00,2022-06-13,22,ASH_6_N001,106.316,66
2022-06-14T05:00:00-00:00,2022-06-14T06:00:00-00:00,2022-06-13,23,ASH_6_N001,81.288,66
2022-06-14T06:00:00-00:00,2022-06-14T07:00:00-00:00,2022-06-13,24,ASH_6_N001,79.63855,66
2022-06-14T07:00:00-00:00,2022-06-14T08:00:00-00:00,2022-06-14,1,ASH_6_N001,74.68398,71
2022-06-14T08:00:00-00:00,2022-06-14T09:00:00-00:00,2022-06-14,2,ASH_6_N001,72.64845,71
2022-06-14T09:00:00-00:00,2022-06-14T10:00:00-00:00,2022-06-14,3,ASH_6_N001,73.33889,71
2022-06-14T10:00:00-00:00,2022-06-14T11:00:00-00:00,2022-06-14,4,ASH_6_N001,70.90337,71
2022-06-14T11:00:00-00:00,2022-06-14T12:00:00-00:00,2022-06-14,5,ASH_6_N001,72.03629,71
2022-06-14T12:00:00-00:00,2022-06-14T13:00:00-00:00,2022-06-14,6,ASH_6_N001,83.84089,71
2022-06-14T13:00:00-00:00,2022-06-14T14:00:00-00:00,2022-06-14,7,ASH_6_N001,74.01583,71
2022-06-14T14:00:00-00:00,2022-06-14T15:00:00-00:00,2022-06-14,8,ASH_6_N001,49.28771,71
2022-06-14T15:00:00-00:00,2022-06-14T16:00:00-00:00,2022-06-14,9,ASH_6_N001,33.54969,71
2022-06-14T16:00:00-00:00,2022-06-14T17:00:00-00:00,2022-06-14,10,ASH_6_N001,32.1912,71
2022-06-14T17:00:00-00:00,2022-06-14T18:00:00-00:00,2022-06-14,11,ASH_6_N001,33.64598,71
2022-06-14T18:00:00-00:00,2022-06-14T19:00:00-00:00,2022-06-14,12,ASH_6_N001,36.45025,71
2022-06-14T19:00:00-00:00,2022-06-14T20:00:00-00:00,2022-06-14,13,ASH_6_N001,47.78057,71
2022-06-14T20:00:00-00:00,2022-06-14T21:00:00-00:00,2022-06-14,14,ASH_6_N001,56.95118,71
2022-06-14T21:00:00-00:00,2022-06-14T22:00:00-00:00,2022-06-14,15,ASH_6_N001,68.11261,71
2022-06-14T22:00:00-00:00,2022-06-14T23:00:00-00:00,2022-06-14,16,ASH_6_N001,73.21193,71
2022-06-14T23:00:00-00:00,2022-06-15T00:00:00-00:00,2022-06-14,17,ASH_6_N001,69.50149,71
2022-06-15T00:00:00-00:00,2022-06-15T01:00:00-00:00,2022-06-14,18,ASH_6_N001,79.22408,71
2022-06-15T01:00:00-00:00,2022-06-15T02:00:00-00:00,2022-06-14,19,ASH_6_N001,105.59324,71
2022-06-15T02:00:00-00:00,2022-06-15T03:00:00-00:00,2022-06-14,20,ASH_6_N001,134.32175,71
2022-06-15T03:00:00-00:00,2022-06-15T04:00:00-00:00,2022-06-14,21,ASH_6_N001,126.43892,71
2022-06-15T04:00:00-00:00,2022-06-15T05:00:00-00:00,2022-06-14,22,ASH_6_N001,106.83622,71
2022-06-15T05:00:00-00:00,2022-06-15T06:00:00-00:00,2022-06-14,23,ASH_6_N001,85.19025,71
2022-06-15T06:00:00-00:00,2022-06-15T07:00:00-00:00,2022-06-14,24,ASH_6_N001,81.94424,71
2022-06-15T07:00:00-00:00,2022-06-15T08:00:00-00:00,2022-06-15,1,ASH_6_N001,70.61874,76
2022-06-15T08:00:00-00:00,2022-06-15T09:00:00-00:00,2022-06-15,2,ASH_6_N001,73.84903,76
2022-06-15T09:00:00-00:00,2022-06-15T10:00:00-00:00,2022-06-15,3,ASH_6_N001,68.01853,76
2022-06-15T10:00:00-00:00,2022-06-15T11:00:00-00:00,2022-06-15,4,ASH_6_N001,66.3576,76
2022-06-15T11:00:00-00:00,2022-06-15T12:00:00-00:00,2022-06-15,5,ASH_6_N001,67.01478,76
2022-06-15T12:00:00-00:00,2022-06-15T13:00:00-00:00,2022-06-15,6,ASH_6_N001,76.5429,76
2022-06-15T13:00:00-00:00,2022-06-15T14:00:00-00:00,2022-06-15,7,ASH_6_N001,81.88409,76
2022-06-15T14:00:00-00:00,2022-06-15T15:00:00-00:00,2022-06-15,8,ASH_6_N001,62.31011,76
2022-06-15T15:00:00-00:00,2022-06-15T16:00:00-00:00,2022-06-15,9,ASH_6_N001,41.77126,76
2022-06-15T16:00:00-00:00,2022-06-15T17:00:00-00:00,2022-06-15,10,ASH_6_N001,38.39347,76
2022-06-15T17:00:00-00:00,2022-06-15T18:00:00-00:00,2022-06-15,11,ASH_6_N001,41.97974,76
2022-06-15T18:00:00-00:00,2022-06-15T19:00:00-00:00,2022-06-15,12,ASH_6_N001,56.28246,76
2022-06-15T19:00:00-00:00,2022-06-15T20:00:00-00:00,2022-06-15,13,ASH_6_N001,65.60298,76
2022-06-15T20:00:00-00:00,2022-06-15T21:00:00-00:00,2022-06-15,14,ASH_6_N001,68.236,76
2022-06-15T21:00:00-00:00,2022-06-15T22:00:00-00:00,2022-06-15,15,ASH_6_N001,68.62539,76
2022-06-15T22:00:00-00:00,2022-06-15T23:00:00-00:00,2022-06-15,16,ASH_6_N001,76.90169,76
2022-06-15T23:00:00-00:00,2022-06-16T00:00:00-00:00,2022-06-15,17,ASH_6_N001,82.05189,76
2022-06-16T00:00:00-00:00,2022-06-16T01:00:00-00:00,2022-06-15,18,ASH_6_N001,86.67925,76
2022-06-16T01:00:00-00:00,2022-06-16T02:00:00-00:00,2022-06-15,19,ASH_6_N001,117.2932,76
2022-06-16T02:00:00-00:00,2022-06-16T03:00:00-00:00,2022-06-15,20,ASH_6_N001,142.67026,76
2022-06-16T03:00:00-00:00,2022-06-16T04:00:00-00:00,2022-06-15,21,ASH_6_N001,120.40526,76
2022-06-16T04:00:00-00:00,2022-06-16T05:00:00-00:00,2022-06-15,22,ASH_6_N001,106.74317,76
2022-06-16T05:00:00-00:00,2022-06-16T06:00:00-00:00,2022-06-15,23,ASH_6_N001,82.90873,76
2022-06-16T06:00:00-00:00,2022-06-16T07:00:00-00:00,2022-06-15,24,ASH_6_N001,73.47146,76
2022-06-16T07:00:00-00:00,2022-06-16T08:00:00-00:00,2022-06-16,1,ASH_6_N001,69.34004,81
2022-06-16T08:00:00-00:00,2022-06-16T09:00:00-00:00,2022-06-16,2,ASH_6_N001,67.06169,81
2022-06-16T09:00:00-00:00,2022-06-16T10:00:00-00:00,2022-06-16,3,ASH_6_N001,65.68098,81
2022-06-16T10:00:00-00:00,2022-06-16T11:00:00-00:00,2022-06-16,4,ASH_6_N001,64.46012,81
2022-06-16T11:00:00-00:00,2022-06-16T12:00:00-00:00,2022-06-16,5,ASH_6_N001,66.3048,81
2022-06-16T12:00:00-00:00,2022-06-16T13:00:00-00:00,2022-06-16,6,ASH_6_N001,73.66293,81
2022-06-16T13:00:00-00:00,2022-06-16T14:00:00-00:00,2022-06-16,7,ASH_6_N001,74.89608,81
2022-06-16T14:00:00-00:00,2022-06-16T15:00:00-00:00,2022-06-16,8,ASH_6_N001,53.63448,81
2022-06-16T15:00:00-00:00,2022-06-16T16:00:00-00:00,2022-06-16,9,ASH_6_N001,45.01015,81
2022-06-16T16:00:00-00:00,2022-06-16T17:00:00-00:00,2022-06-16,10,ASH_6_N001,42.20386,81
2022-06-16T17:00:00-00:00,2022-06-16T18:00:00-00:00,2022-06-16,11,ASH_6_N001,42.30967,81
2022-06-16T18:00:00-00:00,2022-06-16T19:00:00-00:00,2022-06-16,12,ASH_6_N001,47.49576,81
2022-06-16T19:00:00-00:00,2022-06-16T20:00:00-00:00,2022-06-16,13,ASH_6_N001,57.321,81
2022-06-16T20:00:00-00:00,2022-06-16T21:00:00-00:00,2022-06-16,14,ASH_6_N001,60.28487,81
2022-06-16T21:00:00-00:00,2022-06-16T22:00:00-00:00,2022-06-16,15,ASH_6_N001,61.78533,81
2022-06-16T22:00:00-00:00,2022-06-16T23:00:00-00:00,2022-06-16,16,ASH_6_N001,65.37381,81
2022-06-16T23:00:00-00:00,2022-06-17T00:00:00-00:00,2022-06-16,17,ASH_6_N001,66.06077,81
2022-06-17T00:00:00-00:00,2022-06-17T01:00:00-00:00,2022-06-16,18,ASH_6_N001,74.13734,81
2022-06-17T01:00:00-00:00,2022-06-17T02:00:00-00:00,2022-06-16,19,ASH_6_N001,91.40091,81
2022-06-17T02:00:00-00:00,2022-06-17T03:00:00-00:00,2022-06-16,20,ASH_6_N001,119.22411,81
2022-06-17T03:00:00-00:00,2022-06-17T04:00:00-00:00,2022-06-16,21,ASH_6_N001,108.19729,81
2022-06-17T04:00:00-00:00,2022-06-17T05:00:00-00:00,2022-06-16,22,ASH_6_N001,96.20227,81
2022-06-17T05:00:00-00:00,2022-06-17T06:00:00-00:00,2022-06-16,23,ASH_6_N001,73.66266,81
2022-06-17T06:00:00-00:00,2022-06-17T07:00:00-00:00,2022-06-16,24,ASH_6_N001,70.58022,81
2022-06-17T07:00:00-00:00,2022-06-17T08:00:00-00:00,2022-06-17,1,ASH_6_N001,72.33729,86
2022-06-17T08:00:00-00:00,2022-06-17T09:00:00-00:00,2022-06-17,2,ASH_6_N001,68.35549,86
2022-06-17T09:00:00-00:00,2022-06-17T10:00:00-00:00,2022-06-17,3,ASH_6_N001,64.97251,86
2022-06-17T10:00:00-00:00,2022-06-17T11:00:00-00:00,2022-06-17,4,ASH_6_N001,63.46773,86
2022-06-17T11:00:00-00:00,2022-06-17T12:00:00-00:00,2022-06-17,5,ASH_6_N001,66.47359,86
2022-06-17T12:00:00-00:00,2022-06-17T13:00:00-00:00,2022-06-17,6,ASH_6_N001,72.26931,86
2022-06-17T13:00:00-00:00,2022-06-17T14:00:00-00:00,2022-06-17,7,ASH_6_N001,74.37404,86
2022-06-17T14:00:00-00:00,2022-06-17T15:00:00-00:00,2022-06-17,8,ASH_6_N001,50.82751,86
2022-06-17T15:00:00-00:00,2022-06-17T16:00:00-00:00,2022-06-17,9,ASH_6_N001,43.91997,86
2022-06-17T16:00:00-00:00,2022-06-17T17:00:00-00:00,2022-06-17,10,ASH_6_N001,37.88889,86
2022-06-17T17:00:00-00:00,2022-06-17T18:00:00-00:00,2022-06-17,11,ASH_6_N001,37.53085,86
2022-06-17T18:00:00-00:00,2022-06-17T19:00:00-00:00,2022-06-17,12,ASH_6_N001,37.07713,86
2022-06-17T19:00:00-00:00,2022-06-17T20:00:00-00:00,2022-06-17,13,ASH_6_N001,37.59522,86
2022-06-17T20:00:00-00:00,2022-06-17T21:00:00-00:00,2022-06-17,14,ASH_6_N001,38.0,86
2022-06-17T21:00:00-00:00,2022-06-17T22:00:00-00:00,2022-06-17,15,ASH_6_N001,45.14579,86
2022-06-17T22:00:00-00:00,2022-06-17T23:00:00-00:00,2022-06-17,16,ASH_6_N001,51.73669,86
2022-06-17T23:00:00-00:00,2022-06-18T00:00:00-00:00,2022-06-17,17,ASH_6_N001,55.99039,86
2022-06-18T00:00:00-00:00,2022-06-18T01:00:00-00:00,2022-06-17,18,ASH_6_N001,62.46906,86
2022-06-18T01:00:00-00:00,2022-06-18T02:00:00-00:00,2022-06-17,19,ASH_6_N001,76.73983,86
2022-06-18T02:00:00-00:00,2022-06-18T03:00:00-00:00,2022-06-17,20,ASH_6_N001,101.43503,86
2022-06-18T03:00:00-00:00,2022-06-18T04:00:00-00:00,2022-06-17,21,ASH_6_N001,103.63384,86
2022-06-18T04:00:00-00:00,2022-06-18T05:00:00-00:00,2022-06-17,22,ASH_6_N001,96.5326,86
2022-06-18T05:00:00-00:00,2022-06-18T06:00:00-00:00,2022-06-17,23,ASH_6_N001,73.65728,86
2022-06-18T06:00:00-00:00,2022-06-18T07:00:00-00:00,2022-06-17,24,ASH_6_N001,70.60832,86
2022-06-18T07:00:00-00:00,2022-06-18T08:00:00-00:00,2022-06-18,1,ASH_6_N001,62.33234,91
2022-06-18T08:00:00-00:00,2022-06-18T09:00:00-00:00,2022-06-18,2,ASH_6_N001,59.3009,91
2022-06-18T09:00:00-00:00,2022-06-18T10:00:00-00:00,2022-06-18,3,ASH_6_N001,61.03085,91
2022-06-18T10:00:00-00:00,2022-06-18T11:00:00-00:00,2022-06-18,4,ASH_6_N001,59.44969,91
2022-06-18T11:00:00-00:00,2022-06-18T12:00:00-00:00,2022-06-18,5,ASH_6_N001,58.68076,91
2022-06-18T12:00:00-00:00,2022-06-18T13:00:00-00:00,2022-06-18,6,ASH_6_N001,59.50393,91
2022-06-18T13:00:00-00:00,2022-06-18T14:00:00-00:00,2022-06-18,7,ASH_6_N001,55.764,91
2022-06-18T14:00:00-00:00,2022-06-18T15:00:00-00:00,2022-06-18,8,ASH_6_N001,15.93659,91
2022-06-18T15:00:00-00:00,2022-06-18T16:00:00-00:00,2022-06-18,9,ASH_6_N001,4.38104,91
2022-06-18T16:00:00-00:00,2022-06-18T17:00:00-00:00,2022-06-18,10,ASH_6_N001,1.55361,91
2022-06-18T17:00:00-00:00,2022-06-18T18:00:00-00:00,2022-06-18,11,ASH_6_N001,0.0,91
2022-06-18T18:00:00-00:00,2022-06-18T19:00:00-00:00,2022-06-18,12,ASH_6_N001,0.0,91
2022-06-18T19:00:00-00:00,2022-06-18T20:00:00-00:00,2022-06-18,13,ASH_6_N001,0.0,91
2022-06-18T20:00:00-00:00,2022-06-18T21:00:00-00:00,2022-06-18,14,ASH_6_N001,-0.00979,91
2022-06-18T21:00:00-00:00,2022-06-18T22:00:00-00:00,2022-06-18,15,ASH_6_N001,0.0,91
2022-06-18T22:00:00-00:00,2022-06-18T23:00:00-00:00,2022-06-18,16,ASH_6_N001,0.0,91
2022-06-18T23:00:00-00:00,2022-06-19T00:00:00-00:00,2022-06-18,17,ASH_6_N001,14.4903,91
2022-06-19T00:00:00-00:00,2022-06-19T01:00:00-00:00,2022-06-18,18,ASH_6_N001,29.98908,91
2022-06-19T01:00:00-00:00,2022-06-19T02:00:00-00:00,2022-06-18,19,ASH_6_N001,65.10444,91
2022-06-19T02:00:00-00:00,2022-06-19T03:00:00-00:00,2022-06-18,20,ASH_6_N001,90.04059,91
2022-06-19T03:00:00-00:00,2022-06-19T04:00:00-00:00,2022-06-18,21,ASH_6_N001,96.8849,91
2022-06-19T04:00:00-00:00,2022-06-19T05:00:00-00:00,2022-06-18,22,ASH_6_N001,87.25179,91
2022-06-19T05:00:00-00:00,2022-06-19T06:00:00-00:00,2022-06-18,23,ASH_6_N001,65.00035,91
2022-06-19T06:00:00-00:00,2022-06-19T07:00:00-00:00,2022-06-18,24,ASH_6_N001,59.65296,91
2022-06-19T07:00:00-00:00,2022-06-19T08:00:00-00:00,2022-06-19,1,ASH_6_N001,61.59814,96
2022-06-19T08:00:00-00:00,2022-06-19T09:00:00-00:00,2022-06-19,2,ASH_6_N001,58.90836,96
2022-06-19T09:00:00-00:00,2022-06-19T10:00:00-00:00,2022-06-19,3,ASH_6_N001,57.2487,96
2022-06-19T10:00:00-00:00,2022-06-19T11:00:00-00:00,2022-06-19,4,ASH_6_N001,56.37726,96
2022-06-19T11:00:00-00:00,2022-06-19T12:00:00-00:00,2022-06-19,5,ASH_6_N001,55.99049,96
2022-06-19T12:00:00-00:00,2022-06-19T13:00:00-00:00,2022-06-19,6,ASH_6_N001,56.05447,96
2022-06-19T13:00:00-00:00,2022-06-19T14:00:00-00:00,2022-06-19,7,ASH_6_N001,41.00697,96
2022-06-19T14:00:00-00:00,2022-06-19T15:00:00-00:00,2022-06-19,8,ASH_6_N001,-0.01025,96
2022-06-19T15:00:00-00:00,2022-06-19T16:00:00-00:00,2022-06-19,9,ASH_6_N001,-0.01029,96
2022-06-19T16:00:00-00:00,2022-06-19T17:00:00-00:00,2022-06-19,10,ASH_6_N001,-0.01031,96
2022-06-19T17:00:00-00:00,2022-06-19T18:00:00-00:00,2022-06-19,11,ASH_6_N001,-0.01048,96
2022-06-19T18:00:00-00:00,2022-06-19T19:00:00-00:00,2022-06-19,12,ASH_6_N001,-0.01053,96
2022-06-19T19:00:00-00:00,2022-06-19T20:00:00-00:00,2022-06-19,13,ASH_6_N001,-0.01041,96
2022-06-19T20:00:00-00:00,2022-06-19T21:00:00-00:00,2022-06-19,14,ASH_6_N001,-0.01005,96
2022-06-19T21:00:00-00:00,2022-06-19T22:00:00-00:00,2022-06-19,15,ASH_6_N001,-0.00998,96
2022-06-19T22:00:00-00:00,2022-06-19T23:00:00-00:00,2022-06-19,16,ASH_6_N001,0.18119,96
2022-06-19T23:00:00-00:00,2022-06-20T00:00:00-00:00,2022-06-19,17,ASH_6_N001,8.14951,96
2022-06-20T00:00:00-00:00,2022-06-20T01:00:00-00:00,2022-06-19,18,ASH_6_N001,32.14472,96
2022-06-20T01:00:00-00:00,2022-06-20T02:00:00-00:00,2022-06-19,19,ASH_6_N001,69.13578,96
2022-06-20T02:00:00-00:00,2022-06-20T03:00:00-00:00,2022-06-19,20,ASH_6_N001,94.59819,96
2022-06-20T03:00:00-00:00,2022-06-20T04:00:00-00:00,2022-06-19,21,ASH_6_N001,103.23835,96
2022-06-20T04:00:00-00:00,2022-06-20T05:00:00-00:00,2022-06-19,22,ASH_6_N001,89.12506,96
2022-06-20T05:00:00-00:00,2022-06-20T06:00:00-00:00,2022-06-19,23,ASH_6_N001,70.70306,96
2022-06-20T06:00:00-00:00,2022-06-20T07:00:00-00:00,2022-06-19,24,ASH_6_N001,66.03171,96
2022-06-20T07:00:00-00:00,2022-06-20T08:00:00-00:00,2022-06-20,1,ASH_6_N001,69.70855,101
2022-06-20T08:00:00-00:00,2022-06-20T09:00:00-00:00,2022-06-20,2,ASH_6_N001,66.93443,101
2022-06-20T09:00:00-00:00,2022-06-20T10:00:00-00:00,2022-06-20,3,ASH_6_N001,66.46539,101
2022-06-20T10:00:00-00:00,2022-06-20T11:00:00-00:00,2022-06-20,4,ASH_6_N001,67.52689,101
2022-06-20T11:00:00-00:00,2022-06-20T12:00:00-00:00,2022-06-20,5,ASH_6_N001,70.41787,101
2022-06-20T12:00:00-00:00,2022-06-20T13:00:00-00:00,2022-06-20,6,ASH_6_N001,73.49736,101
2022-06-20T13:00:00-00:00,2022-06-20T14:00:00-00:00,2022-06-20,7,ASH_6_N001,71.9308,101
2022-06-20T14:00:00-00:00,2022-06-20T15:00:00-00:00,2022-06-20,8,ASH_6_N001,30.53067,101
2022-06-20T15:00:00-00:00,2022-06-20T16:00:00-00:00,2022-06-20,9,ASH_6_N001,17.09992,101
2022-06-20T16:00:00-00:00,2022-06-20T17:00:00-00:00,2022-06-20,10,ASH_6_N001,17.79771,101
2022-06-20T17:00:00-00:00,2022-06-20T18:00:00-00:00,2022-06-20,11,ASH_6_N001,17.22153,101
2022-06-20T18:00:00-00:00,2022-06-20T19:00:00-00:00,2022-06-20,12,ASH_6_N001,21.96434,101
2022-06-20T19:00:00-00:00,2022-06-20T20:00:00-00:00,2022-06-20,13,ASH_6_N001,26.5991,101
2022-06-20T20:00:00-00:00,2022-06-20T21:00:00-00:00,2022-06-20,14,ASH_6_N001,32.77859,101
2022-06-20T21:00:00-00:00,2022-06-20T22:00:00-00:00,2022-06-20,15,ASH_6_N001,49.82922,101
2022-06-20T22:00:00-00:00,2022-06-20T23:00:00-00:00,2022-06-20,16,ASH_6_N001,60.95752,101
2022-06-20T23:00:00-00:00,2022-06-21T00:00:00-00:00,2022-06-20,17,ASH_6_N001,65.53621,101
2022-06-21T00:00:00-00:00,2022-06-21T01:00:00-00:00,2022-06-20,18,ASH_6_N001,70.74335,101
2022-06-21T01:00:00-00:00,2022-06-21T02:00:00-00:00,2022-06-20,19,ASH_6_N001,101.26,101
2022-06-21T02:00:00-00:00,2022-06-21T03:00:00-00:00,2022-06-20,20,ASH_6_N001,128.5974,101
2022-06-21T03:00:00-00:00,2022-06-21T04:00:00-00:00,2022-06-20,21,ASH_6_N001,104.13726,101
2022-06-21T04:00:00-00:00,2022-06-21T05:00:00-00:00,2022-06-20,22,ASH_6_N001,100.74109,101
2022-06-21T05:00:00-00:00,2022-06-21T06:00:00-00:00,2022-06-20,23,ASH_6_N001,82.42029,101
2022-06-21T06:00:00-00:00,2022-06-21T07:00:00-00:00,2022-06-20,24,ASH_6_N001,73.98213,101
2022-06-21T07:00:00-00:00,2022-06-21T08:00:00-00:00,2022-06-21,1,ASH_6_N001,68.95865,106
2022-06-21T08:00:00-00:00,2022-06-21T09:00:00-00:00,2022-06-21,2,ASH_6_N001,67.96657,106
2022-06-21T09:00:00-00:00,2022-06-21T10:00:00-00:00,2022-06-21,3,ASH_6_N001,66.13084,106
2022-06-21T10:00:00-00:00,2022-06-21T11:00:00-00:00,2022-06-21,4,ASH_6_N001,67.10939,106
2022-06-21T11:00:00-00:00,2022-06-21T12:00:00-00:00,2022-06-21,5,ASH_6_N001,67.15146,106
2022-06-21T12:00:00-00:00,2022-06-21T13:00:00-00:00,2022-06-21,6,ASH_6_N001,67.75029,106
2022-06-21T13:00:00-00:00,2022-06-21T14:00:00-00:00,2022-06-21,7,ASH_6_N001,75.68016,106
2022-06-21T14:00:00-00:00,2022-06-21T15:00:00-00:00,2022-06-21,8,ASH_6_N001,56.84906,106
2022-06-21T15:00:00-00:00,2022-06-21T16:00:00-00:00,2022-06-21,9,ASH_6_N001,41.13006,106
2022-06-21T16:00:00-00:00,2022-06-21T17:00:00-00:00,2022-06-21,10,ASH_6_N001,39.1943,106
2022-06-21T17:00:00-00:00,2022-06-21T18:00:00-00:00,2022-06-21,11,ASH_6_N001,40.18859,106
2022-06-21T18:00:00-00:00,2022-06-21T19:00:00-00:00,2022-06-21,12,ASH_6_N001,47.22177,106
2022-06-21T19:00:00-00:00,2022-06-21T20:00:00-00:00,2022-06-21,13,ASH_6_N001,55.03176,106
2022-06-21T20:00:00-00:00,2022-06-21T21:00:00-00:00,2022-06-21,14,ASH_6_N001,57.32367,106
2022-06-21T21:00:00-00:00,2022-06-21T22:00:00-00:00,2022-06-21,15,ASH_6_N001,59.14171,106
2022-06-21T22:00:00-00:00,2022-06-21T23:00:00-00:00,2022-06-21,16,ASH_6_N001,66.54841,106
2022-06-21T23:00:00-00:00,2022-06-22T00:00:00-00:00,2022-06-21,17,ASH_6_N001,64.581,106
2022-06-22T00:00:00-00:00,2022-06-22T01:00:00-00:00,2022-06-21,18,ASH_6_N001,71.49436,106
2022-06-22T01:00:00-00:00,2022-06-22T02:00:00-00:00,2022-06-21,19,ASH_6_N001,100.10666,106
2022-06-22T02:00:00-00:00,2022-06-22T03:00:00-00:00,2022-06-21,20,ASH_6_N001,129.75601,106
2022-06-22T03:00:00-00:00,2022-06-22T04:00:00-00:00,2022-06-21,21,ASH_6_N001,134.3164,106
2022-06-22T04:00:00-00:00,2022-06-22T05:00:00-00:00,2022-06-21,22,ASH_6_N001,111.50434,106
2022-06-22T05:00:00-00:00,2022-06-22T06:00:00-00:00,2022-06-21,23,ASH_6_N001,82.0793,106
2022-06-22T06:00:00-00:00,2022-06-22T07:00:00-00:00,2022-06-21,24,ASH_6_N001,73.96771,106
2022-06-22T07:00:00-00:00,2022-06-22T08:00:00-00:00,2022-06-22,1,ASH_6_N001,71.90292,111
2022-06-22T08:00:00-00:00,2022-06-22T09:00:00-00:00,2022-06-22,2,ASH_6_N001,64.14526,111
2022-06-22T09:00:00-00:00,2022-06-22T10:00:00-00:00,2022-06-22,3,ASH_6_N001,61.00219,111
2022-06-22T10:00:00-00:00,2022-06-22T11:00:00-00:00,2022-06-22,4,ASH_6_N001,58.16745,111
2022-06-22T11:00:00-00:00,2022-06-22T12:00:00-00:00,2022-06-22,5,ASH_6_N001,58.29576,111
2022-06-22T12:00:00-00:00,2022-06-22T13:00:00-00:00,2022-06-22,6,ASH_6_N001,60.22077,111
2022-06-22T13:00:00-00:00,2022-06-22T14:00:00-00:00,2022-06-22,7,ASH_6_N001,68.85383,111
2022-06-22T14:00:00-00:00,2022-06-22T15:00:00-00:00,2022-06-22,8,ASH_6_N001,58.02569,111
2022-06-22T15:00:00-00:00,2022-06-22T16:00:00-00:00,2022-06-22,9,ASH_6_N001,56.8125,111
2022-06-22T16:00:00-00:00,2022-06-22T17:00:00-00:00,2022-06-22,10,ASH_6_N001,56.53324,111
2022-06-22T17:00:00-00:00,2022-06-22T18:00:00-00:00,2022-06-22,11,ASH_6_N001,57.0689,111
2022-06-22T18:00:00-00:00,2022-06-22T19:00:00-00:00,2022-06-22,12,ASH_6_N001,58.21503,111
2022-06-22T19:00:00-00:00,2022-06-22T20:00:00-00:00,2022-06-22,13,ASH_6_N001,60.68724,111
2022-06-22T20:00:00-00:00,2022-06-22T21:00:00-00:00,2022-06-22,14,ASH_6_N001,66.00353,111
2022-06-22T21:00:00-00:00,2022-06-22T22:00:00-00:00,2022-06-22,15,ASH_6_N001,69.81734,111
2022-06-22T22:00:00-00:00,2022-06-22T23:00:00-00:00,2022-06-22,16,ASH_6_N001,78.57437,111
2022-06-22T23:00:00-00:00,2022-06-23T00:00:00-00:00,2022-06-22,17,ASH_6_N001,80.76262,111
2022-06-23T00:00:00-00:00,2022-06-23T01:00:00-00:00,2022-06-22,18,ASH_6_N001,94.86609,111
2022-06-23T01:00:00-00:00,2022-06-23T02:00:00-00:00,2022-06-22,19,ASH_6_N001,110.46299,111
2022-06-23T02:00:00-00:00,2022-06-23T03:00:00-00:00,2022-06-22,20,ASH_6_N001,144.72081,111
2022-06-23T03:00:00-00:00,2022-06-23T04:00:00-00:00,2022-06-22,21,ASH_6_N001,131.34488,111
2022-06-23T04:00:00-00:00,2022-06-23T05:00:00-00:00,2022-06-22,22,ASH_6_N001,107.34618,111
2022-06-23T05:00:00-00:00,2022-06-23T06:00:00-00:00,2022-06-22,23,ASH_6_N001,87.31826,111
2022-06-23T06:00:00-00:00,2022-06-23T07:00:00-00:00,2022-06-22,24,ASH_6_N001,74.54375,111
2022-06-23T07:00:00-00:00,2022-06-23T08:00:00-00:00,2022-06-23,1,ASH_6_N001,71.61458,116
2022-06-23T08:00:00-00:00,2022-06-23T09:00:00-00:00,2022-06-23,2,ASH_6_N001,69.31507,116
2022-06-23T09:00:00-00:00,2022-06-23T10:00:00-00:00,2022-06-23,3,ASH_6_N001,66.99999,116
2022-06-23T10:00:00-00:00,2022-06-23T11:00:00-00:00,2022-06-23,4,ASH_6_N001,65.44139,116
2022-06-23T11:00:00-00:00,2022-06-23T12:00:00-00:00,2022-06-23,5,ASH_6_N001,67.4721,116
2022-06-23T12:00:00-00:00,2022-06-23T13:00:00-00:00,2022-06-23,6,ASH_6_N001,70.73935,116
2022-06-23T13:00:00-00:00,2022-06-23T14:00:00-00:00,2022-06-23,7,ASH_6_N001,74.96453,116
2022-06-23T14:00:00-00:00,2022-06-23T15:00:00-00:00,2022-06-23,8,ASH_6_N001,61.99597,116
2022-06-23T15:00:00-00:00,2022-06-23T16:00:00-00:00,2022-06-23,9,ASH_6_N001,53.36842,116
2022-06-23T16:00:00-00:00,2022-06-23T17:00:00-00:00,2022-06-23,10,ASH_6_N001,52.89977,116
2022-06-23T17:00:00-00:00,2022-06-23T18:00:00-00:00,2022-06-23,11,ASH_6_N001,56.42192,116
2022-06-23T18:00:00-00:00,2022-06-23T19:00:00-00:00,2022-06-23,12,ASH_6_N001,62.99333,116
2022-06-23T19:00:00-00:00,2022-06-23T20:00:00-00:00,2022-06-23,13,ASH_6_N001,65.44242,116
2022-06-23T20:00:00-00:00,2022-06-23T21:00:00-00:00,2022-06-23,14,ASH_6_N001,65.8127,116
2022-06-23T21:00:00-00:00,2022-06-23T22:00:00-00:00,2022-06-23,15,ASH_6_N001,70.32388,116
2022-06-23T22:00:00-00:00,2022-06-23T23:00:00-00:00,2022-06-23,16,ASH_6_N001,77.85615,116
2022-06-23T23:00:00-00:00,2022-06-24T00:00:00-00:00,2022-06-23,17,ASH_6_N001,81.26954,116
2022-06-24T00:00:00-00:00,2022-06-24T01:00:00-00:00,2022-06-23,18,ASH_6_N001,90.61137,116
2022-06-24T01:00:00-00:00,2022-06-24T02:00:00-00:00,2022-06-23,19,ASH_6_N001,113.68981,116
2022-06-24T02:00:00-00:00,2022-06-24T03:00:00-00:00,2022-06-23,20,ASH_6_N001,159.56224,116
2022-06-24T03:00:00-00:00,2022-06-24T04:00:00-00:00,2022-06-23,21,ASH_6_N001,153.01776,116
2022-06-24T04:00:00-00:00,2022-06-24T05:00:00-00:00,2022-06-23,22,ASH_6_N001,116.52464,116
2022-06-24T05:00:00-00:00,2022-06-24T06:00:00-00:00,2022-06-23,23,ASH_6_N001,82.40427,116
2022-06-24T06:00:00-00:00,2022-06-24T07:00:00-00:00,2022-06-23,24,ASH_6_N001,71.66877,116
2022-06-24T07:00:00-00:00,2022-06-24T08:00:00-00:00,2022-06-24,1,ASH_6_N001,67.98089,121
2022-06-24T08:00:00-00:00,2022-06-24T09:00:00-00:00,2022-06-24,2,ASH_6_N001,65.37062,121
2022-06-24T09:00:00-00:00,2022-06-24T10:00:00-00:00,2022-06-24,3,ASH_6_N001,63.50023,121
2022-06-24T10:00:00-00:00,2022-06-24T11:00:00-00:00,2022-06-24,4,ASH_6_N001,64.09427,121
2022-06-24T11:00:00-00:00,2022-06-24T12:00:00-00:00,2022-06-24,5,ASH_6_N001,64.63607,121
2022-06-24T12:00:00-00:00,2022-06-24T13:00:00-00:00,2022-06-24,6,ASH_6_N001,69.73127,121
2022-06-24T13:00:00-00:00,2022-06-24T14:00:00-00:00,2022-06-24,7,ASH_6_N001,71.41363,121
2022-06-24T14:00:00-00:00,2022-06-24T15:00:00-00:00,2022-06-24,8,ASH_6_N001,55.99519,121
2022-06-24T15:00:00-00:00,2022-06-24T16:00:00-00:00,2022-06-24,9,ASH_6_N001,51.01641,121
2022-06-24T16:00:00-00:00,2022-06-24T17:00:00-00:00,2022-06-24,10,ASH_6_N001,48.24151,121
2022-06-24T17:00:00-00:00,2022-06-24T18:00:00-00:00,2022-06-24,11,ASH_6_N001,50.29859,121
2022-06-24T18:00:00-00:00,2022-06-24T19:00:00-00:00,2022-06-24,12,ASH_6_N001,59.69181,121
2022-06-24T19:00:00-00:00,2022-06-24T20:00:00-00:00,2022-06-24,13,ASH_6_N001,62.74046,121
2022-06-24T20:00:00-00:00,2022-06-24T21:00:00-00:00,2022-06-24,14,ASH_6_N001,67.98524,121
2022-06-24T21:00:00-00:00,2022-06-24T22:00:00-00:00,2022-06-24,15,ASH_6_N001,69.17153,121
2022-06-24T22:00:00-00:00,2022-06-24T23:00:00-00:00,2022-06-24,16,ASH_6_N001,75.34567,121
2022-06-24T23:00:00-00:00,2022-06-25T00:00:00-00:00,2022-06-24,17,ASH_6_N001,79.35055,121
2022-06-25T00:00:00-00:00,2022-06-25T01:00:00-00:00,2022-06-24,18,ASH_6_N001,84.9078,121
2022-06-25T01:00:00-00:00,2022-06-25T02:00:00-00:00,2022-06-24,19,ASH_6_N001,106.08693,121
2022-06-25T02:00:00-00:00,2022-06-25T03:00:00-00:00,2022-06-24,20,ASH_6_N001,141.24104,121
2022-06-25T03:00:00-00:00,2022-06-25T04:00:00-00:00,2022-06-24,21,ASH_6_N001,125.18535,121
2022-06-25T04:00:00-00:00,2022-06-25T05:00:00-00:00,2022-06-24,22,ASH_6_N001,102.19207,121
2022-06-25T05:00:00-00:00,2022-06-25T06:00:00-00:00,2022-06-24,23,ASH_6_N001,80.19535,121
2022-06-25T06:00:00-00:00,2022-06-25T07:00:00-00:00,2022-06-24,24,ASH_6_N001,70.39913,121
2022-06-25T07:00:00-00:00,2022-06-25T08:00:00-00:00,2022-06-25,1,ASH_6_N001,66.53361,126
2022-06-25T08:00:00-00:00,2022-06-25T09:00:00-00:00,2022-06-25,2,ASH_6_N001,64.33247,126
2022-06-25T09:00:00-00:00,2022-06-25T10:00:00-00:00,2022-06-25,3,ASH_6_N001,60.5545,126
2022-06-25T10:00:00-00:00,2022-06-25T11:00:00-00:00,2022-06-25,4,ASH_6_N001,69.39438,126
2022-06-25T11:00:00-00:00,2022-06-25T12:00:00-00:00,2022-06-25,5,ASH_6_N001,68.6952,126
2022-06-25T12:00:00-00:00,2022-06-25T13:00:00-00:00,2022-06-25,6,ASH_6_N001,76.41996,126
2022-06-25T13:00:00-00:00,2022-06-25T14:00:00-00:00,2022-06-25,7,ASH_6_N001,62.035,126
2022-06-25T14:00:00-00:00,2022-06-25T15:00:00-00:00,2022-06-25,8,ASH_6_N001,44.44592,126
2022-06-25T15:00:00-00:00,2022-06-25T16:00:00-00:00,2022-06-25,9,ASH_6_N001,39.89232,126
2022-06-25T16:00:00-00:00,2022-06-25T17:00:00-00:00,2022-06-25,10,ASH_6_N001,38.64649,126
2022-06-25T17:00:00-00:00,2022-06-25T18:00:00-00:00,2022-06-25,11,ASH_6_N001,42.91015,126
2022-06-25T18:00:00-00:00,2022-06-25T19:00:00-00:00,2022-06-25,12,ASH_6_N001,54.13631,126
2022-06-25T19:00:00-00:00,2022-06-25T20:00:00-00:00,2022-06-25,13,ASH_6_N001,55.3702,126
2022-06-25T20:00:00-00:00,2022-06-25T21:00:00-00:00,2022-06-25,14,ASH_6_N001,57.26641,126
2022-06-25T21:00:00-00:00,2022-06-25T22:00:00-00:00,2022-06-25,15,ASH_6_N001,63.0663,126
2022-06-25T22:00:00-00:00,2022-06-25T23:00:00-00:00,2022-06-25,16,ASH_6_N001,70.15866,126
2022-06-25T23:00:00-00:00,2022-06-26T00:00:00-00:00,2022-06-25,17,ASH_6_N001,73.96297,126
2022-06-26T00:00:00-00:00,2022-06-26T01:00:00-00:00,2022-06-25,18,ASH_6_N001,87.48373,126
2022-06-26T01:00:00-00:00,2022-06-26T02:00:00-00:00,2022-06-25,19,ASH_6_N001,99.29736,126
2022-06-26T02:00:00-00:00,2022-06-26T03:00:00-00:00,2022-06-25,20,ASH_6_N001,117.09696,126
2022-06-26T03:00:00-00:00,2022-06-26T04:00:00-00:00,2022-06-25,21,ASH_6_N001,108.47546,126
2022-06-26T04:00:00-00:00,2022-06-26T05:00:00-00:00,2022-06-25,22,ASH_6_N001,95.54944,126
2022-06-26T05:00:00-00:00,2022-06-26T06:00:00-00:00,2022-06-25,23,ASH_6_N001,75.4806,126
2022-06-26T06:00:00-00:00,2022-06-26T07:00:00-00:00,2022-06-25,24,ASH_6_N001,68.00789,126
2022-06-26T07:00:00-00:00,2022-06-26T08:00:00-00:00,2022-06-26,1,ASH_6_N001,67.53331,131
2022-06-26T08:00:00-00:00,2022-06-26T09:00:00-00:00,2022-06-26,2,ASH_6_N001,65.60364,131
2022-06-26T09:00:00-00:00,2022-06-26T10:00:00-00:00,2022-06-26,3,ASH_6_N001,63.36749,131
2022-06-26T10:00:00-00:00,2022-06-26T11:00:00-00:00,2022-06-26,4,ASH_6_N001,61.73957,131
2022-06-26T11:00:00-00:00,2022-06-26T12:00:00-00:00,2022-06-26,5,ASH_6_N001,62.57747,131
2022-06-26T12:00:00-00:00,2022-06-26T13:00:00-00:00,2022-06-26,6,ASH_6_N001,69.68448,131
2022-06-26T13:00:00-00:00,2022-06-26T14:00:00-00:00,2022-06-26,7,ASH_6_N001,62.1514,131
2022-06-26T14:00:00-00:00,2022-06-26T15:00:00-00:00,2022-06-26,8,ASH_6_N001,40.94803,131
2022-06-26T15:00:00-00:00,2022-06-26T16:00:00-00:00,2022-06-26,9,ASH_6_N001,28.96047,131
2022-06-26T16:00:00-00:00,2022-06-26T17:00:00-00:00,2022-06-26,10,ASH_6_N001,30.85594,131
2022-06-26T17:00:00-00:00,2022-06-26T18:00:00-00:00,2022-06-26,11,ASH_6_N001,35.84305,131
2022-06-26T18:00:00-00:00,2022-06-26T19:00:00-00:00,2022-06-26,12,ASH_6_N001,46.34066,131
2022-06-26T19:00:00-00:00,2022-06-26T20:00:00-00:00,2022-06-26,13,ASH_6_N001,52.38086,131
2022-06-26T20:00:00-00:00,2022-06-26T21:00:00-00:00,2022-06-26,14,ASH_6_N001,57.158,131
2022-06-26T21:00:00-00:00,2022-06-26T22:00:00-00:00,2022-06-26,15,ASH_6_N001,59.94079,131
2022-06-26T22:00:00-00:00,2022-06-26T23:00:00-00:00,2022-06-26,16,ASH_6_N001,69.69332,131
2022-06-26T23:00:00-00:00,2022-06-27T00:00:00-00:00,2022-06-26,17,ASH_6_N001,72.06679,131
2022-06-27T00:00:00-00:00,2022-06-27T01:00:00-00:00,2022-06-26,18,ASH_6_N001,83.49498,131
2022-06-27T01:00:00-00:00,2022-06-27T02:00:00-00:00,2022-06-26,19,ASH_6_N001,107.1191,131
2022-06-27T02:00:00-00:00,2022-06-27T03:00:00-00:00,2022-06-26,20,ASH_6_N001,125.13971,131
2022-06-27T03:00:00-00:00,2022-06-27T04:00:00-00:00,2022-06-26,21,ASH_6_N001,128.35336,131
2022-06-27T04:00:00-00:00,2022-06-27T05:00:00-00:00,2022-06-26,22,ASH_6_N001,101.21934,131
2022-06-27T05:00:00-00:00,2022-06-27T06:00:00-00:00,2022-06-26,23,ASH_6_N001,74.60542,131
2022-06-27T06:00:00-00:00,2022-06-27T07:00:00-00:00,2022-06-26,24,ASH_6_N001,66.82748,131
2022-06-27T07:00:00-00:00,2022-06-27T08:00:00-00:00,2022-06-27,1,ASH_6_N001,67.74883,136
2022-06-27T08:00:00-00:00,2022-06-27T09:00:00-00:00,2022-06-27,2,ASH_6_N001,63.16854,136
2022-06-27T09:00:00-00:00,2022-06-27T10:00:00-00:00,2022-06-27,3,ASH_6_N001,61.4346,136
2022-06-27T10:00:00-00:00,2022-06-27T11:00:00-00:00,2022-06-27,4,ASH_6_N001,62.20255,136
2022-06-27T11:00:00-00:00,2022-06-27T12:00:00-00:00,2022-06-27,5,ASH_6_N001,63.20038,136
2022-06-27T12:00:00-00:00,2022-06-27T13:00:00-00:00,2022-06-27,6,ASH_6_N001,67.37525,136
2022-06-27T13:00:00-00:00,2022-06-27T14:00:00-00:00,2022-06-27,7,ASH_6_N001,73.22807,136
2022-06-27T14:00:00-00:00,2022-06-27T15:00:00-00:00,2022-06-27,8,ASH_6_N001,55.87235,136
2022-06-27T15:00:00-00:00,2022-06-27T16:00:00-00:00,2022-06-27,9,ASH_6_N001,52.9372,136
2022-06-27T16:00:00-00:00,2022-06-27T17:00:00-00:00,2022-06-27,10,ASH_6_N001,49.50928,136
2022-06-27T17:00:00-00:00,2022-06-27T18:00:00-00:00,2022-06-27,11,ASH_6_N001,57.41018,136
2022-06-27T18:00:00-00:00,2022-06-27T19:00:00-00:00,2022-06-27,12,ASH_6_N001,60.84765,136
2022-06-27T19:00:00-00:00,2022-06-27T20:00:00-00:00,2022-06-27,13,ASH_6_N001,67.33178,136
2022-06-27T20:00:00-00:00,2022-06-27T21:00:00-00:00,2022-06-27,14,ASH_6_N001,72.86904,136
2022-06-27T21:00:00-00:00,2022-06-27T22:00:00-00:00,2022-06-27,15,ASH_6_N001,82.02037,136
2022-06-27T22:00:00-00:00,2022-06-27T23:00:00-00:00,2022-06-27,16,ASH_6_N001,91.47,136
2022-06-27T23:00:00-00:00,2022-06-28T00:00:00-00:00,2022-06-27,17,ASH_6_N001,99.7173,136
2022-06-28T00:00:00-00:00,2022-06-28T01:00:00-00:00,2022-06-27,18,ASH_6_N001,103.52723,136
2022-06-28T01:00:00-00:00,2022-06-28T02:00:00-00:00,2022-06-27,19,ASH_6_N001,131.70412,136
2022-06-28T02:00:00-00:00,2022-06-28T03:00:00-00:00,2022-06-27,20,ASH_6_N001,149.30217,136
2022-06-28T03:00:00-00:00,2022-06-28T04:00:00-00:00,2022-06-27,21,ASH_6_N001,117.38689,136
2022-06-28T04:00:00-00:00,2022-06-28T05:00:00-00:00,2022-06-27,22,ASH_6_N001,108.66205,136
2022-06-28T05:00:00-00:00,2022-06-28T06:00:00-00:00,2022-06-27,23,ASH_6_N001,86.24338,136
2022-06-28T06:00:00-00:00,2022-06-28T07:00:00-00:00,2022-06-27,24,ASH_6_N001,71.81407,136
2022-06-28T07:00:00-00:00,2022-06-28T08:00:00-00:00,2022-06-28,1,ASH_6_N001,65.70848,141
2022-06-28T08:00:00-00:00,2022-06-28T09:00:00-00:00,2022-06-28,2,ASH_6_N001,65.21976,141
2022-06-28T09:00:00-00:00,2022-06-28T10:00:00-00:00,2022-06-28,3,ASH_6_N001,63.78687,141
2022-06-28T10:00:00-00:00,2022-06-28T11:00:00-00:00,2022-06-28,4,ASH_6_N001,63.20123,141
2022-06-28T11:00:00-00:00,2022-06-28T12:00:00-00:00,2022-06-28,5,ASH_6_N001,62.18508,141
2022-06-28T12:00:00-00:00,2022-06-28T13:00:00-00:00,2022-06-28,6,ASH_6_N001,66.23089,141
2022-06-28T13:00:00-00:00,2022-06-28T14:00:00-00:00,2022-06-28,7,ASH_6_N001,68.38,141
2022-06-28T14:00:00-00:00,2022-06-28T15:00:00-00:00,2022-06-28,8,ASH_6_N001,57.90538,141
2022-06-28T15:00:00-00:00,2022-06-28T16:00:00-00:00,2022-06-28,9,ASH_6_N001,53.44805,141
2022-06-28T16:00:00-00:00,2022-06-28T17:00:00-00:00,2022-06-28,10,ASH_6_N001,55.63917,141
2022-06-28T17:00:00-00:00,2022-06-28T18:00:00-00:00,2022-06-28,11,ASH_6_N001,57.34337,141
2022-06-28T18:00:00-00:00,2022-06-28T19:00:00-00:00,2022-06-28,12,ASH_6_N001,61.1079,141
2022-06-28T19:00:00-00:00,2022-06-28T20:00:00-00:00,2022-06-28,13,ASH_6_N001,64.17589,141
2022-06-28T20:00:00-00:00,2022-06-28T21:00:00-00:00,2022-06-28,14,ASH_6_N001,69.44408,141
2022-06-28T21:00:00-00:00,2022-06-28T22:00:00-00:00,2022-06-28,15,ASH_6_N001,74.28985,141
2022-06-28T22:00:00-00:00,2022-06-28T23:00:00-00:00,2022-06-28,16,ASH_6_N001,77.08763,141
2022-06-28T23:00:00-00:00,2022-06-29T00:00:00-00:00,2022-06-28,17,ASH_6_N001,76.17999,141
2022-06-29T00:00:00-00:00,2022-06-29T01:00:00-00:00,2022-06-28,18,ASH_6_N001,98.67047,141
2022-06-29T01:00:00-00:00,2022-06-29T02:00:00-00:00,2022-06-28,19,ASH_6_N001,111.94211,141
2022-06-29T02:00:00-00:00,2022-06-29T03:00:00-00:00,2022-06-28,20,ASH_6_N001,145.38011,141
2022-06-29T03:00:00-00:00,2022-06-29T04:00:00-00:00,2022-06-28,21,ASH_6_N001,123.07555,141
2022-06-29T04:00:00-00:00,2022-06-29T05:00:00-00:00,2022-06-28,22,ASH_6_N001,102.2228,141
2022-06-29T05:00:00-00:00,2022-06-29T06:00:00-00:00,2022-06-28,23,ASH_6_N001,78.40531,141
2022-06-29T06:00:00-00:00,2022-06-29T07:00:00-00:00,2022-06-28,24,ASH_6_N001,72.24065,141
