INTERVALSTARTTIME_GMT,INTERVALENDTIME_GMT,OPR_DT,OPR_HR,NODE_ID,MW,GROUP
2022-06-30T07:00:00-00:00,2022-06-30T08:00:00-00:00,2022-06-30,1,BONITA_6_N001,81.0842,1
2022-06-30T08:00:00-00:00,2022-06-30T09:00:00-00:00,2022-06-30,2,BONITA_6_N001,81.54632,1
2022-06-30T09:00:00-00:00,2022-06-30T10:00:00-00:00,2022-06-30,3,BONITA_6_N001,76.73929,1
2022-06-30T10:00:00-00:00,2022-06-30T11:00:00-00:00,2022-06-30,4,BONITA_6_N001,73.63705,1
2022-06-30T11:00:00-00:00,2022-06-30T12:00:00-00:00,2022-06-30,5,BONITA_6_N001,74.10415,1
2022-06-30T12:00:00-00:00,2022-06-30T13:00:00-00:00,2022-06-30,6,BONITA_6_N001,106.58168,1
2022-06-30T13:00:00-00:00,2022-06-30T14:00:00-00:00,2022-06-30,7,BONITA_6_N001,70.82409,1
2022-06-30T14:00:00-00:00,2022-06-30T15:00:00-00:00,2022-06-30,8,BONITA_6_N001,58.50373,1
2022-06-30T15:00:00-00:00,2022-06-30T16:00:00-00:00,2022-06-30,9,BONITA_6_N001,35.50307,1
2022-06-30T16:00:00-00:00,2022-06-30T17:00:00-00:00,2022-06-30,10,BONITA_6_N001,34.23291,1
2022-06-30T17:00:00-00:00,2022-06-30T18:00:00-00:00,2022-06-30,11,BONITA_6_N001,39.04465,1
2022-06-30T18:00:00-00:00,2022-06-30T19:00:00-00:00,2022-06-30,12,BONITA_6_N001,46.91915,1
2022-06-30T19:00:00-00:00,2022-06-30T20:00:00-00:00,2022-06-30,13,BONITA_6_N001,49.21515,1
2022-06-30T20:00:00-00:00,2022-06-30T21:00:00-00:00,2022-06-30,14,BONITA_6_N001,46.78305,1
2022-06-30T21:00:00-00:00,2022-06-30T22:00:00-00:00,2022-06-30,15,BONITA_6_N001,50.92687,1
2022-06-30T22:00:00-00:00,2022-06-30T23:00:00-00:00,2022-06-30,16,BONITA_6_N001,55.32713,1
2022-06-30T23:00:00-00:00,2022-07-01T00:00:00-00:00,2022-06-30,17,BONITA_6_N001,54.36345,1
2022-07-01T00:00:00-00:00,2022-07-01T01:00:00-00:00,2022-06-30,18,BONITA_6_N001,72.03225,1
2022-07-01T01:00:00-00:00,2022-07-01T02:00:00-00:00,2022-06-30,19,BONITA_6_N001,87.80499,1
2022-07-01T02:00:00-00:00,2022-07-01T03:00:00-00:00,2022-06-30,20,BONITA_6_N001,111.89889,1
2022-07-01T03:00:00-00:00,2022-07-01T04:00:00-00:00,2022-06-30,21,BONITA_6_N001,99.31785,1
2022-07-01T04:00:00-00:00,2022-07-01T05:00:00-00:00,2022-06-30,22,BONITA_6_N001,91.80444,1
2022-07-01T05:00:00-00:00,2022-07-01T06:00:00-00:00,2022-06-30,23,BONITA_6_N001,80.68952,1
2022-07-01T06:00:00-00:00,2022-07-01T07:00:00-00:00,2022-06-30,24,BONITA_6_N001,83.46075,1
2022-07-01T07:00:00-00:00,2022-07-01T08:00:00-00:00,2022-07-01,1,BONITA_6_N001,106.12921,6
2022-07-01T08:00:00-00:00,2022-07-01T09:00:00-00:00,2022-07-01,2,BONITA_6_N001,80.22742,6
2022-07-01T09:00:00-00:00,2022-07-01T10:00:00-00:00,2022-07-01,3,BONITA_6_N001,81.08542,6
2022-07-01T10:00:00-00:00,2022-07-01T11:00:00-00:00,2022-07-01,4,BONITA_6_N001,73.23919,6
2022-07-01T11:00:00-00:00,2022-07-01T12:00:00-00:00,2022-07-01,5,BONITA_6_N001,76.16194,6
2022-07-01T12:00:00-00:00,2022-07-01T13:00:00-00:00,2022-07-01,6,BONITA_6_N001,92.99071,6
2022-07-01T13:00:00-00:00,2022-07-01T14:00:00-00:00,2022-07-01,7,BONITA_6_N001,69.22808,6
2022-07-01T14:00:00-00:00,2022-07-01T15:00:00-00:00,2022-07-01,8,BONITA_6_N001,48.7011,6
2022-07-01T15:00:00-00:00,2022-07-01T16:00:00-00:00,2022-07-01,9,BONITA_6_N001,43.34257,6
2022-07-01T16:00:00-00:00,2022-07-01T17:00:00-00:00,2022-07-01,10,BONITA_6_N001,39.89863,6
2022-07-01T17:00:00-00:00,2022-07-01T18:00:00-00:00,2022-07-01,11,BONITA_6_N001,41.4408,6
2022-07-01T18:00:00-00:00,2022-07-01T19:00:00-00:00,2022-07-01,12,BONITA_6_N001,40.48279,6
2022-07-01T19:00:00-00:00,2022-07-01T20:00:00-00:00,2022-07-01,13,BONITA_6_N001,43.99107,6
2022-07-01T20:00:00-00:00,2022-07-01T21:00:00-00:00,2022-07-01,14,BONITA_6_N001,44.69617,6
2022-07-01T21:00:00-00:00,2022-07-01T22:00:00-00:00,2022-07-01,15,BONITA_6_N001,46.14036,6
2022-07-01T22:00:00-00:00,2022-07-01T23:00:00-00:00,2022-07-01,16,BONITA_6_N001,46.71806,6
2022-07-01T23:00:00-00:00,2022-07-02T00:00:00-00:00,2022-07-01,17,BONITA_6_N001,52.83307,6
2022-07-02T00:00:00-00:00,2022-07-02T01:00:00-00:00,2022-07-01,18,BONITA_6_N001,63.72387,6
2022-07-02T01:00:00-00:00,2022-07-02T02:00:00-00:00,2022-07-01,19,BONITA_6_N001,83.96314,6
2022-07-02T02:00:00-00:00,2022-07-02T03:00:00-00:00,2022-07-01,20,BONITA_6_N001,97.52795,6
2022-07-02T03:00:00-00:00,2022-07-02T04:00:00-00:00,2022-07-01,21,BONITA_6_N001,97.36228,6
2022-07-02T04:00:00-00:00,2022-07-02T05:00:00-00:00,2022-07-01,22,BONITA_6_N001,91.59417,6
2022-07-02T05:00:00-00:00,2022-07-02T06:00:00-00:00,2022-07-01,23,BONITA_6_N001,83.1733,6
2022-07-02T06:00:00-00:00,2022-07-02T07:00:00-00:00,2022-07-01,24,BONITA_6_N001,77.28796,6
2022-07-02T07:00:00-00:00,2022-07-02T08:00:00-00:00,2022-07-02,1,BONITA_6_N001,62.63137,11
2022-07-02T08:00:00-00:00,2022-07-02T09:00:00-00:00,2022-07-02,2,BONITA_6_N001,59.42891,11
2022-07-02T09:00:00-00:00,2022-07-02T10:00:00-00:00,2022-07-02,3,BONITA_6_N001,59.32502,11
2022-07-02T10:00:00-00:00,2022-07-02T11:00:00-00:00,2022-07-02,4,BONITA_6_N001,54.8233,11
2022-07-02T11:00:00-00:00,2022-07-02T12:00:00-00:00,2022-07-02,5,BONITA_6_N001,57.27181,11
2022-07-02T12:00:00-00:00,2022-07-02T13:00:00-00:00,2022-07-02,6,BONITA_6_N001,57.72016,11
2022-07-02T13:00:00-00:00,2022-07-02T14:00:00-00:00,2022-07-02,7,BONITA_6_N001,56.52389,11
2022-07-02T14:00:00-00:00,2022-07-02T15:00:00-00:00,2022-07-02,8,BONITA_6_N001,35.99286,11
2022-07-02T15:00:00-00:00,2022-07-02T16:00:00-00:00,2022-07-02,9,BONITA_6_N001,23.89935,11
2022-07-02T16:00:00-00:00,2022-07-02T17:00:00-00:00,2022-07-02,10,BONITA_6_N001,15.32788,11
2022-07-02T17:00:00-00:00,2022-07-02T18:00:00-00:00,2022-07-02,11,BONITA_6_N001,15.29107,11
2022-07-02T18:00:00-00:00,2022-07-02T19:00:00-00:00,2022-07-02,12,BONITA_6_N001,13.68272,11
2022-07-02T19:00:00-00:00,2022-07-02T20:00:00-00:00,2022-07-02,13,BONITA_6_N001,15.33173,11
2022-07-02T20:00:00-00:00,2022-07-02T21:00:00-00:00,2022-07-02,14,BONITA_6_N001,23.63296,11
2022-07-02T21:00:00-00:00,2022-07-02T22:00:00-00:00,2022-07-02,15,BONITA_6_N001,30.0085,11
2022-07-02T22:00:00-00:00,2022-07-02T23:00:00-00:00,2022-07-02,16,BONITA_6_N001,41.07882,11
2022-07-02T23:00:00-00:00,2022-07-03T00:00:00-00:00,2022-07-02,17,BONITA_6_N001,38.01266,11
2022-07-03T00:00:00-00:00,2022-07-03T01:00:00-00:00,2022-07-02,18,BONITA_6_N001,52.32697,11
2022-07-03T01:00:00-00:00,2022-07-03T02:00:00-00:00,2022-07-02,19,BONITA_6_N001,67.14093,11
2022-07-03T02:00:00-00:00,2022-07-03T03:00:00-00:00,2022-07-02,20,BONITA_6_N001,89.88255,11
2022-07-03T03:00:00-00:00,2022-07-03T04:00:00-00:00,2022-07-02,21,BONITA_6_N001,93.38399,11
2022-07-03T04:00:00-00:00,2022-07-03T05:00:00-00:00,2022-07-02,22,BONITA_6_N001,87.46604,11
2022-07-03T05:00:00-00:00,2022-07-03T06:00:00-00:00,2022-07-02,23,BONITA_6_N001,72.31536,11
2022-07-03T06:00:00-00:00,2022-07-03T07:00:00-00:00,2022-07-02,24,BONITA_6_N001,58.25613,11
2022-07-03T07:00:00-00:00,2022-07-03T08:00:00-00:00,2022-07-03,1,BONITA_6_N001,54.14792,16
2022-07-03T08:00:00-00:00,2022-07-03T09:00:00-00:00,2022-07-03,2,BONITA_6_N001,52.62,16
2022-07-03T09:00:00-00:00,2022-07-03T10:00:00-00:00,2022-07-03,3,BONITA_6_N001,50.85,16
2022-07-03T10:00:00-00:00,2022-07-03T11:00:00-00:00,2022-07-03,4,BONITA_6_N001,50.85,16
2022-07-03T11:00:00-00:00,2022-07-03T12:00:00-00:00,2022-07-03,5,BONITA_6_N001,50.85,16
2022-07-03T12:00:00-00:00,2022-07-03T13:00:00-00:00,2022-07-03,6,BONITA_6_N001,55.63682,16
2022-07-03T13:00:00-00:00,2022-07-03T14:00:00-00:00,2022-07-03,7,BONITA_6_N001,45.32355,16
2022-07-03T14:00:00-00:00,2022-07-03T15:00:00-00:00,2022-07-03,8,BONITA_6_N001,0.72141,16
2022-07-03T15:00:00-00:00,2022-07-03T16:00:00-00:00,2022-07-03,9,BONITA_6_N001,-6.52213,16
2022-07-03T16:00:00-00:00,2022-07-03T17:00:00-00:00,2022-07-03,10,BONITA_6_N001,-6.66365,16
2022-07-03T17:00:00-00:00,2022-07-03T18:00:00-00:00,2022-07-03,11,BONITA_6_N001,-6.13067,16
2022-07-03T18:00:00-00:00,2022-07-03T19:00:00-00:00,2022-07-03,12,BONITA_6_N001,-6.17442,16
2022-07-03T19:00:00-00:00,2022-07-03T20:00:00-00:00,2022-07-03,13,BONITA_6_N001,-4.8062,16
2022-07-03T20:00:00-00:00,2022-07-03T21:00:00-00:00,2022-07-03,14,BONITA_6_N001,-2.62651,16
2022-07-03T21:00:00-00:00,2022-07-03T22:00:00-00:00,2022-07-03,15,BONITA_6_N001,0.37405,16
2022-07-03T22:00:00-00:00,2022-07-03T23:00:00-00:00,2022-07-03,16,BONITA_6_N001,3.7196,16
2022-07-03T23:00:00-00:00,2022-07-04T00:00:00-00:00,2022-07-03,17,BONITA_6_N001,10.89027,16
2022-07-04T00:00:00-00:00,2022-07-04T01:00:00-00:00,2022-07-03,18,BONITA_6_N001,34.31335,16
2022-07-04T01:00:00-00:00,2022-07-04T02:00:00-00:00,2022-07-03,19,BONITA_6_N001,60.24333,16
2022-07-04T02:00:00-00:00,2022-07-04T03:00:00-00:00,2022-07-03,20,BONITA_6_N001,84.86517,16
2022-07-04T03:00:00-00:00,2022-07-04T04:00:00-00:00,2022-07-03,21,BONITA_6_N001,94.88867,16
2022-07-04T04:00:00-00:00,2022-07-04T05:00:00-00:00,2022-07-03,22,BONITA_6_N001,88.23406,16
2022-07-04T05:00:00-00:00,2022-07-04T06:00:00-00:00,2022-07-03,23,BONITA_6_N001,70.9665,16
2022-07-04T06:00:00-00:00,2022-07-04T07:00:00-00:00,2022-07-03,24,BONITA_6_N001,60.93144,16
2022-07-04T07:00:00-00:00,2022-07-04T08:00:00-00:00,2022-07-04,1,BONITA_6_N001,52.8183,21
2022-07-04T08:00:00-00:00,2022-07-04T09:00:00-00:00,2022-07-04,2,BONITA_6_N001,57.45735,21
2022-07-04T09:00:00-00:00,2022-07-04T10:00:00-00:00,2022-07-04,3,BONITA_6_N001,52.05412,21
2022-07-04T10:00:00-00:00,2022-07-04T11:00:00-00:00,2022-07-04,4,BONITA_6_N001,50.79843,21
2022-07-04T11:00:00-00:00,2022-07-04T12:00:00-00:00,2022-07-04,5,BONITA_6_N001,51.40482,21
2022-07-04T12:00:00-00:00,2022-07-04T13:00:00-00:00,2022-07-04,6,BONITA_6_N001,58.12988,21
2022-07-04T13:00:00-00:00,2022-07-04T14:00:00-00:00,2022-07-04,7,BONITA_6_N001,50.64208,21
2022-07-04T14:00:00-00:00,2022-07-04T15:00:00-00:00,2022-07-04,8,BONITA_6_N001,0.82014,21
2022-07-04T15:00:00-00:00,2022-07-04T16:00:00-00:00,2022-07-04,9,BONITA_6_N001,-4.11822,21
2022-07-04T16:00:00-00:00,2022-07-04T17:00:00-00:00,2022-07-04,10,BONITA_6_N001,-6.31642,21
2022-07-04T17:00:00-00:00,2022-07-04T18:00:00-00:00,2022-07-04,11,BONITA_6_N001,-5.9171,21
2022-07-04T18:00:00-00:00,2022-07-04T19:00:00-00:00,2022-07-04,12,BONITA_6_N001,-5.88258,21
2022-07-04T19:00:00-00:00,2022-07-04T20:00:00-00:00,2022-07-04,13,BONITA_6_N001,-3.73125,21
2022-07-04T20:00:00-00:00,2022-07-04T21:00:00-00:00,2022-07-04,14,BONITA_6_N001,-1.03179,21
2022-07-04T21:00:00-00:00,2022-07-04T22:00:00-00:00,2022-07-04,15,BONITA_6_N001,1.07422,21
2022-07-04T22:00:00-00:00,2022-07-04T23:00:00-00:00,2022-07-04,16,BONITA_6_N001,9.76719,21
2022-07-04T23:00:00-00:00,2022-07-05T00:00:00-00:00,2022-07-04,17,BONITA_6_N001,16.51598,21
2022-07-05T00:00:00-00:00,2022-07-05T01:00:00-00:00,2022-07-04,18,BONITA_6_N001,42.98928,21
2022-07-05T01:00:00-00:00,2022-07-05T02:00:00-00:00,2022-07-04,19,BONITA_6_N001,63.94162,21
2022-07-05T02:00:00-00:00,2022-07-05T03:00:00-00:00,2022-07-04,20,BONITA_6_N001,78.41994,21
2022-07-05T03:00:00-00:00,2022-07-05T04:00:00-00:00,2022-07-04,21,BONITA_6_N001,88.1586,21
2022-07-05T04:00:00-00:00,2022-07-05T05:00:00-00:00,2022-07-04,22,BONITA_6_N001,80.59212,21
2022-07-05T05:00:00-00:00,2022-07-05T06:00:00-00:00,2022-07-04,23,BONITA_6_N001,69.9032,21
2022-07-05T06:00:00-00:00,2022-07-05T07:00:00-00:00,2022-07-04,24,BONITA_6_N001,66.98747,21
2022-07-05T07:00:00-00:00,2022-07-05T08:00:00-00:00,2022-07-05,1,BONITA_6_N001,58.10925,26
2022-07-05T08:00:00-00:00,2022-07-05T09:00:00-00:00,2022-07-05,2,BONITA_6_N001,55.63153,26
2022-07-05T09:00:00-00:00,2022-07-05T10:00:00-00:00,2022-07-05,3,BONITA_6_N001,54.11095,26
2022-07-05T10:00:00-00:00,2022-07-05T11:00:00-00:00,2022-07-05,4,BONITA_6_N001,54.21236,26
2022-07-05T11:00:00-00:00,2022-07-05T12:00:00-00:00,2022-07-05,5,BONITA_6_N001,54.52046,26
2022-07-05T12:00:00-00:00,2022-07-05T13:00:00-00:00,2022-07-05,6,BONITA_6_N001,59.73956,26
2022-07-05T13:00:00-00:00,2022-07-05T14:00:00-00:00,2022-07-05,7,BONITA_6_N001,68.9065,26
2022-07-05T14:00:00-00:00,2022-07-05T15:00:00-00:00,2022-07-05,8,BONITA_6_N001,55.46974,26
2022-07-05T15:00:00-00:00,2022-07-05T16:00:00-00:00,2022-07-05,9,BONITA_6_N001,40.06609,26
2022-07-05T16:00:00-00:00,2022-07-05T17:00:00-00:00,2022-07-05,10,BONITA_6_N001,34.50941,26
2022-07-05T17:00:00-00:00,2022-07-05T18:00:00-00:00,2022-07-05,11,BONITA_6_N001,32.79364,26
2022-07-05T18:00:00-00:00,2022-07-05T19:00:00-00:00,2022-07-05,12,BONITA_6_N001,36.67624,26
2022-07-05T19:00:00-00:00,2022-07-05T20:00:00-00:00,2022-07-05,13,BONITA_6_N001,36.37001,26
2022-07-05T20:00:00-00:00,2022-07-05T21:00:00-00:00,2022-07-05,14,BONITA_6_N001,38.47713,26
2022-07-05T21:00:00-00:00,2022-07-05T22:00:00-00:00,2022-07-05,15,BONITA_6_N001,38.17757,26
2022-07-05T22:00:00-00:00,2022-07-05T23:00:00-00:00,2022-07-05,16,BONITA_6_N001,49.51441,26
2022-07-05T23:00:00-00:00,2022-07-06T00:00:00-00:00,2022-07-05,17,BONITA_6_N001,56.08466,26
2022-07-06T00:00:00-00:00,2022-07-06T01:00:00-00:00,2022-07-05,18,BONITA_6_N001,60.90087,26
2022-07-06T01:00:00-00:00,2022-07-06T02:00:00-00:00,2022-07-05,19,BONITA_6_N001,73.88603,26
2022-07-06T02:00:00-00:00,2022-07-06T03:00:00-00:00,2022-07-05,20,BONITA_6_N001,93.53531,26
2022-07-06T03:00:00-00:00,2022-07-06T04:00:00-00:00,2022-07-05,21,BONITA_6_N001,96.06088,26
2022-07-06T04:00:00-00:00,2022-07-06T05:00:00-00:00,2022-07-05,22,BONITA_6_N001,93.95665,26
2022-07-06T05:00:00-00:00,2022-07-06T06:00:00-00:00,2022-07-05,23,BONITA_6_N001,65.0,26
2022-07-06T06:00:00-00:00,2022-07-06T07:00:00-00:00,2022-07-05,24,BONITA_6_N001,60.0,26
2022-07-06T07:00:00-00:00,2022-07-06T08:00:00-00:00,2022-07-06,1,BONITA_6_N001,60.55229,31
2022-07-06T08:00:00-00:00,2022-07-06T09:00:00-00:00,2022-07-06,2,BONITA_6_N001,58.45985,31
2022-07-06T09:00:00-00:00,2022-07-06T10:00:00-00:00,2022-07-06,3,BONITA_6_N001,57.36062,31
2022-07-06T10:00:00-00:00,2022-07-06T11:00:00-00:00,2022-07-06,4,BONITA_6_N001,53.2366,31
2022-07-06T11:00:00-00:00,2022-07-06T12:00:00-00:00,2022-07-06,5,BONITA_6_N001,55.92656,31
2022-07-06T12:00:00-00:00,2022-07-06T13:00:00-00:00,2022-07-06,6,BONITA_6_N001,63.78172,31
2022-07-06T13:00:00-00:00,2022-07-06T14:00:00-00:00,2022-07-06,7,BONITA_6_N001,61.1077,31
2022-07-06T14:00:00-00:00,2022-07-06T15:00:00-00:00,2022-07-06,8,BONITA_6_N001,49.23514,31
2022-07-06T15:00:00-00:00,2022-07-06T16:00:00-00:00,2022-07-06,9,BONITA_6_N001,35.29894,31
2022-07-06T16:00:00-00:00,2022-07-06T17:00:00-00:00,2022-07-06,10,BONITA_6_N001,29.8015,31
2022-07-06T17:00:00-00:00,2022-07-06T18:00:00-00:00,2022-07-06,11,BONITA_6_N001,27.94555,31
2022-07-06T18:00:00-00:00,2022-07-06T19:00:00-00:00,2022-07-06,12,BONITA_6_N001,30.81054,31
2022-07-06T19:00:00-00:00,2022-07-06T20:00:00-00:00,2022-07-06,13,BONITA_6_N001,32.81664,31
2022-07-06T20:00:00-00:00,2022-07-06T21:00:00-00:00,2022-07-06,14,BONITA_6_N001,38.87812,31
2022-07-06T21:00:00-00:00,2022-07-06T22:00:00-00:00,2022-07-06,15,BONITA_6_N001,41.91662,31
2022-07-06T22:00:00-00:00,2022-07-06T23:00:00-00:00,2022-07-06,16,BONITA_6_N001,44.33624,31
2022-07-06T23:00:00-00:00,2022-07-07T00:00:00-00:00,2022-07-06,17,BONITA_6_N001,51.0087,31
2022-07-07T00:00:00-00:00,2022-07-07T01:00:00-00:00,2022-07-06,18,BONITA_6_N001,59.48317,31
2022-07-07T01:00:00-00:00,2022-07-07T02:00:00-00:00,2022-07-06,19,BONITA_6_N001,73.70296,31
2022-07-07T02:00:00-00:00,2022-07-07T03:00:00-00:00,2022-07-06,20,BONITA_6_N001,78.59805,31
2022-07-07T03:00:00-00:00,2022-07-07T04:00:00-00:00,2022-07-06,21,BONITA_6_N001,82.21803,31
2022-07-07T04:00:00-00:00,2022-07-07T05:00:00-00:00,2022-07-06,22,BONITA_6_N001,86.80983,31
2022-07-07T05:00:00-00:00,2022-07-07T06:00:00-00:00,2022-07-06,23,BONITA_6_N001,62.42,31
2022-07-07T06:00:00-00:00,2022-07-07T07:00:00-00:00,2022-07-06,24,BONITA_6_N001,74.4222,31
2022-07-07T07:00:00-00:00,2022-07-07T08:00:00-00:00,2022-07-07,1,BONITA_6_N001,78.23075,36
2022-07-07T08:00:00-00:00,2022-07-07T09:00:00-00:00,2022-07-07,2,BONITA_6_N001,62.63083,36
2022-07-07T09:00:00-00:00,2022-07-07T10:00:00-00:00,2022-07-07,3,BONITA_6_N001,60.41575,36
2022-07-07T10:00:00-00:00,2022-07-07T11:00:00-00:00,2022-07-07,4,BONITA_6_N001,59.96252,36
2022-07-07T11:00:00-00:00,2022-07-07T12:00:00-00:00,2022-07-07,5,BONITA_6_N001,59.6383,36
2022-07-07T12:00:00-00:00,2022-07-07T13:00:00-00:00,2022-07-07,6,BONITA_6_N001,65.51943,36
2022-07-07T13:00:00-00:00,2022-07-07T14:00:00-00:00,2022-07-07,7,BONITA_6_N001,63.90185,36
2022-07-07T14:00:00-00:00,2022-07-07T15:00:00-00:00,2022-07-07,8,BONITA_6_N001,50.79319,36
2022-07-07T15:00:00-00:00,2022-07-07T16:00:00-00:00,2022-07-07,9,BONITA_6_N001,38.91873,36
2022-07-07T16:00:00-00:00,2022-07-07T17:00:00-00:00,2022-07-07,10,BONITA_6_N001,38.3907,36
2022-07-07T17:00:00-00:00,2022-07-07T18:00:00-00:00,2022-07-07,11,BONITA_6_N001,34.298,36
2022-07-07T18:00:00-00:00,2022-07-07T19:00:00-00:00,2022-07-07,12,BONITA_6_N001,34.59745,36
2022-07-07T19:00:00-00:00,2022-07-07T20:00:00-00:00,2022-07-07,13,BONITA_6_N001,38.45897,36
2022-07-07T20:00:00-00:00,2022-07-07T21:00:00-00:00,2022-07-07,14,BONITA_6_N001,45.18584,36
2022-07-07T21:00:00-00:00,2022-07-07T22:00:00-00:00,2022-07-07,15,BONITA_6_N001,45.27679,36
2022-07-07T22:00:00-00:00,2022-07-07T23:00:00-00:00,2022-07-07,16,BONITA_6_N001,54.75102,36
2022-07-07T23:00:00-00:00,2022-07-08T00:00:00-00:00,2022-07-07,17,BONITA_6_N001,57.70371,36
2022-07-08T00:00:00-00:00,2022-07-08T01:00:00-00:00,2022-07-07,18,BONITA_6_N001,65.53804,36
2022-07-08T01:00:00-00:00,2022-07-08T02:00:00-00:00,2022-07-07,19,BONITA_6_N001,73.84836,36
2022-07-08T02:00:00-00:00,2022-07-08T03:00:00-00:00,2022-07-07,20,BONITA_6_N001,88.15194,36
2022-07-08T03:00:00-00:00,2022-07-08T04:00:00-00:00,2022-07-07,21,BONITA_6_N001,89.30824,36
2022-07-08T04:00:00-00:00,2022-07-08T05:00:00-00:00,2022-07-07,22,BONITA_6_N001,82.37366,36
2022-07-08T05:00:00-00:00,2022-07-08T06:00:00-00:00,2022-07-07,23,BONITA_6_N001,68.7659,36
2022-07-08T06:00:00-00:00,2022-07-08T07:00:00-00:00,2022-07-07,24,BONITA_6_N001,69.92686,36
2022-07-08T07:00:00-00:00,2022-07-08T08:00:00-00:00,2022-07-08,1,BONITA_6_N001,82.22957,41
2022-07-08T08:00:00-00:00,2022-07-08T09:00:00-00:00,2022-07-08,2,BONITA_6_N001,62.35304,41
2022-07-08T09:00:00-00:00,2022-07-08T10:00:00-00:00,2022-07-08,3,BONITA_6_N001,61.83604,41
2022-07-08T10:00:00-00:00,2022-07-08T11:00:00-00:00,2022-07-08,4,BONITA_6_N001,60.68285,41
2022-07-08T11:00:00-00:00,2022-07-08T12:00:00-00:00,2022-07-08,5,BONITA_6_N001,61.00661,41
2022-07-08T12:00:00-00:00,2022-07-08T13:00:00-00:00,2022-07-08,6,BONITA_6_N001,67.90881,41
2022-07-08T13:00:00-00:00,2022-07-08T14:00:00-00:00,2022-07-08,7,BONITA_6_N001,63.65099,41
2022-07-08T14:00:00-00:00,2022-07-08T15:00:00-00:00,2022-07-08,8,BONITA_6_N001,53.07701,41
2022-07-08T15:00:00-00:00,2022-07-08T16:00:00-00:00,2022-07-08,9,BONITA_6_N001,43.71934,41
2022-07-08T16:00:00-00:00,2022-07-08T17:00:00-00:00,2022-07-08,10,BONITA_6_N001,40.3818,41
2022-07-08T17:00:00-00:00,2022-07-08T18:00:00-00:00,2022-07-08,11,BONITA_6_N001,37.7552,41
2022-07-08T18:00:00-00:00,2022-07-08T19:00:00-00:00,2022-07-08,12,BONITA_6_N001,40.11658,41
2022-07-08T19:00:00-00:00,2022-07-08T20:00:00-00:00,2022-07-08,13,BONITA_6_N001,42.42788,41
2022-07-08T20:00:00-00:00,2022-07-08T21:00:00-00:00,2022-07-08,14,BONITA_6_N001,45.21429,41
2022-07-08T21:00:00-00:00,2022-07-08T22:00:00-00:00,2022-07-08,15,BONITA_6_N001,49.13702,41
2022-07-08T22:00:00-00:00,2022-07-08T23:00:00-00:00,2022-07-08,16,BONITA_6_N001,50.25958,41
2022-07-08T23:00:00-00:00,2022-07-09T00:00:00-00:00,2022-07-08,17,BONITA_6_N001,54.3821,41
2022-07-09T00:00:00-00:00,2022-07-09T01:00:00-00:00,2022-07-08,18,BONITA_6_N001,69.79987,41
2022-07-09T01:00:00-00:00,2022-07-09T02:00:00-00:00,2022-07-08,19,BONITA_6_N001,83.5251,41
2022-07-09T02:00:00-00:00,2022-07-09T03:00:00-00:00,2022-07-08,20,BONITA_6_N001,96.53792,41
2022-07-09T03:00:00-00:00,2022-07-09T04:00:00-00:00,2022-07-08,21,BONITA_6_N001,92.75443,41
2022-07-09T04:00:00-00:00,2022-07-09T05:00:00-00:00,2022-07-08,22,BONITA_6_N001,88.10619,41
2022-07-09T05:00:00-00:00,2022-07-09T06:00:00-00:00,2022-07-08,23,BONITA_6_N001,73.32094,41
2022-07-09T06:00:00-00:00,2022-07-09T07:00:00-00:00,2022-07-08,24,BONITA_6_N001,74.4978,41
2022-07-09T07:00:00-00:00,2022-07-09T08:00:00-00:00,2022-07-09,1,BONITA_6_N001,92.3979,46
2022-07-09T08:00:00-00:00,2022-07-09T09:00:00-00:00,2022-07-09,2,BONITA_6_N001,67.69266,46
2022-07-09T09:00:00-00:00,2022-07-09T10:00:00-00:00,2022-07-09,3,BONITA_6_N001,74.11504,46
2022-07-09T10:00:00-00:00,2022-07-09T11:00:00-00:00,2022-07-09,4,BONITA_6_N001,66.35794,46
2022-07-09T11:00:00-00:00,2022-07-09T12:00:00-00:00,2022-07-09,5,BONITA_6_N001,70.96045,46
2022-07-09T12:00:00-00:00,2022-07-09T13:00:00-00:00,2022-07-09,6,BONITA_6_N001,79.61372,46
2022-07-09T13:00:00-00:00,2022-07-09T14:00:00-00:00,2022-07-09,7,BONITA_6_N001,62.70778,46
2022-07-09T14:00:00-00:00,2022-07-09T15:00:00-00:00,2022-07-09,8,BONITA_6_N001,38.80973,46
2022-07-09T15:00:00-00:00,2022-07-09T16:00:00-00:00,2022-07-09,9,BONITA_6_N001,30.4484,46
2022-07-09T16:00:00-00:00,2022-07-09T17:00:00-00:00,2022-07-09,10,BONITA_6_N001,27.73666,46
2022-07-09T17:00:00-00:00,2022-07-09T18:00:00-00:00,2022-07-09,11,BONITA_6_N001,33.35663,46
2022-07-09T18:00:00-00:00,2022-07-09T19:00:00-00:00,2022-07-09,12,BONITA_6_N001,35.90798,46
2022-07-09T19:00:00-00:00,2022-07-09T20:00:00-00:00,2022-07-09,13,BONITA_6_N001,41.19079,46
2022-07-09T20:00:00-00:00,2022-07-09T21:00:00-00:00,2022-07-09,14,BONITA_6_N001,43.47773,46
2022-07-09T21:00:00-00:00,2022-07-09T22:00:00-00:00,2022-07-09,15,BONITA_6_N001,50.89573,46
2022-07-09T22:00:00-00:00,2022-07-09T23:00:00-00:00,2022-07-09,16,BONITA_6_N001,52.40073,46
2022-07-09T23:00:00-00:00,2022-07-10T00:00:00-00:00,2022-07-09,17,BONITA_6_N001,55.20603,46
2022-07-10T00:00:00-00:00,2022-07-10T01:00:00-00:00,2022-07-09,18,BONITA_6_N001,62.41793,46
2022-07-10T01:00:00-00:00,2022-07-10T02:00:00-00:00,2022-07-09,19,BONITA_6_N001,83.38252,46
2022-07-10T02:00:00-00:00,2022-07-10T03:00:00-00:00,2022-07-09,20,BONITA_6_N001,98.13704,46
2022-07-10T03:00:00-00:00,2022-07-10T04:00:00-00:00,2022-07-09,21,BONITA_6_N001,96.90138,46
2022-07-10T04:00:00-00:00,2022-07-10T05:00:00-00:00,2022-07-09,22,BONITA_6_N001,88.62514,46
2022-07-10T05:00:00-00:00,2022-07-10T06:00:00-00:00,2022-07-09,23,BONITA_6_N001,74.51058,46
2022-07-10T06:00:00-00:00,2022-07-10T07:00:00-00:00,2022-07-09,24,BONITA_6_N001,88.26672,46
2022-07-10T07:00:00-00:00,2022-07-10T08:00:00-00:00,2022-07-10,1,BONITA_6_N001,70.48865,51
2022-07-10T08:00:00-00:00,2022-07-10T09:00:00-00:00,2022-07-10,2,BONITA_6_N001,66.24969,51
2022-07-10T09:00:00-00:00,2022-07-10T10:00:00-00:00,2022-07-10,3,BONITA_6_N001,63.50108,51
2022-07-10T10:00:00-00:00,2022-07-10T11:00:00-00:00,2022-07-10,4,BONITA_6_N001,61.36758,51
2022-07-10T11:00:00-00:00,2022-07-10T12:00:00-00:00,2022-07-10,5,BONITA_6_N001,65.18523,51
2022-07-10T12:00:00-00:00,2022-07-10T13:00:00-00:00,2022-07-10,6,BONITA_6_N001,69.19408,51
2022-07-10T13:00:00-00:00,2022-07-10T14:00:00-00:00,2022-07-10,7,BONITA_6_N001,64.08716,51
2022-07-10T14:00:00-00:00,2022-07-10T15:00:00-00:00,2022-07-10,8,BONITA_6_N001,33.07559,51
2022-07-10T15:00:00-00:00,2022-07-10T16:00:00-00:00,2022-07-10,9,BONITA_6_N001,21.89051,51
2022-07-10T16:00:00-00:00,2022-07-10T17:00:00-00:00,2022-07-10,10,BONITA_6_N001,19.33191,51
2022-07-10T17:00:00-00:00,2022-07-10T18:00:00-00:00,2022-07-10,11,BONITA_6_N001,25.3258,51
2022-07-10T18:00:00-00:00,2022-07-10T19:00:00-00:00,2022-07-10,12,BONITA_6_N001,33.72344,51
2022-07-10T19:00:00-00:00,2022-07-10T20:00:00-00:00,2022-07-10,13,BONITA_6_N001,42.70258,51
2022-07-10T20:00:00-00:00,2022-07-10T21:00:00-00:00,2022-07-10,14,BONITA_6_N001,46.8739,51
2022-07-10T21:00:00-00:00,2022-07-10T22:00:00-00:00,2022-07-10,15,BONITA_6_N001,53.0378,51
2022-07-10T22:00:00-00:00,2022-07-10T23:00:00-00:00,2022-07-10,16,BONITA_6_N001,50.2416,51
2022-07-10T23:00:00-00:00,2022-07-11T00:00:00-00:00,2022-07-10,17,BONITA_6_N001,54.47711,51
2022-07-11T00:00:00-00:00,2022-07-11T01:00:00-00:00,2022-07-10,18,BONITA_6_N001,68.99646,51
2022-07-11T01:00:00-00:00,2022-07-11T02:00:00-00:00,2022-07-10,19,BONITA_6_N001,93.54284,51
2022-07-11T02:00:00-00:00,2022-07-11T03:00:00-00:00,2022-07-10,20,BONITA_6_N001,124.03824,51
2022-07-11T03:00:00-00:00,2022-07-11T04:00:00-00:00,2022-07-10,21,BONITA_6_N001,100.20027,51
2022-07-11T04:00:00-00:00,2022-07-11T05:00:00-00:00,2022-07-10,22,BONITA_6_N001,95.1748,51
2022-07-11T05:00:00-00:00,2022-07-11T06:00:00-00:00,2022-07-10,23,BONITA_6_N001,71.82324,51
2022-07-11T06:00:00-00:00,2022-07-11T07:00:00-00:00,2022-07-10,24,BONITA_6_N001,70.92401,51
2022-07-11T07:00:00-00:00,2022-07-11T08:00:00-00:00,2022-07-11,1,BONITA_6_N001,71.52313,56
2022-07-11T08:00:00-00:00,2022-07-11T09:00:00-00:00,2022-07-11,2,BONITA_6_N001,67.58377,56
2022-07-11T09:00:00-00:00,2022-07-11T10:00:00-00:00,2022-07-11,3,BONITA_6_N001,65.33729,56
2022-07-11T10:00:00-00:00,2022-07-11T11:00:00-00:00,2022-07-11,4,BONITA_6_N001,65.28817,56
2022-07-11T11:00:00-00:00,2022-07-11T12:00:00-00:00,2022-07-11,5,BONITA_6_N001,66.77505,56
2022-07-11T12:00:00-00:00,2022-07-11T13:00:00-00:00,2022-07-11,6,BONITA_6_N001,72.48284,56
2022-07-11T13:00:00-00:00,2022-07-11T14:00:00-00:00,2022-07-11,7,BONITA_6_N001,84.01464,56
2022-07-11T14:00:00-00:00,2022-07-11T15:00:00-00:00,2022-07-11,8,BONITA_6_N001,59.32285,56
2022-07-11T15:00:00-00:00,2022-07-11T16:00:00-00:00,2022-07-11,9,BONITA_6_N001,55.24911,56
2022-07-11T16:00:00-00:00,2022-07-11T17:00:00-00:00,2022-07-11,10,BONITA_6_N001,54.47242,56
2022-07-11T17:00:00-00:00,2022-07-11T18:00:00-00:00,2022-07-11,11,BONITA_6_N001,55.02075,56
2022-07-11T18:00:00-00:00,2022-07-11T19:00:00-00:00,2022-07-11,12,BONITA_6_N001,54.26402,56
2022-07-11T19:00:00-00:00,2022-07-11T20:00:00-00:00,2022-07-11,13,BONITA_6_N001,60.89224,56
2022-07-11T20:00:00-00:00,2022-07-11T21:00:00-00:00,2022-07-11,14,BONITA_6_N001,68.30992,56
2022-07-11T21:00:00-00:00,2022-07-11T22:00:00-00:00,2022-07-11,15,BONITA_6_N001,81.28451,56
2022-07-11T22:00:00-00:00,2022-07-11T23:00:00-00:00,2022-07-11,16,BONITA_6_N001,92.69212,56
2022-07-11T23:00:00-00:00,2022-07-12T00:00:00-00:00,2022-07-11,17,BONITA_6_N001,99.62816,56
2022-07-12T00:00:00-00:00,2022-07-12T01:00:00-00:00,2022-07-11,18,BONITA_6_N001,112.83633,56
2022-07-12T01:00:00-00:00,2022-07-12T02:00:00-00:00,2022-07-11,19,BONITA_6_N001,189.51147,56
2022-07-12T02:00:00-00:00,2022-07-12T03:00:00-00:00,2022-07-11,20,BONITA_6_N001,285.28323,56
2022-07-12T03:00:00-00:00,2022-07-12T04:00:00-00:00,2022-07-11,21,BONITA_6_N001,140.06532,56
2022-07-12T04:00:00-00:00,2022-07-12T05:00:00-00:00,2022-07-11,22,BONITA_6_N001,109.28603,56
2022-07-12T05:00:00-00:00,2022-07-12T06:00:00-00:00,2022-07-11,23,BONITA_6_N001,88.64819,56
2022-07-12T06:00:00-00:00,2022-07-12T07:00:00-00:00,2022-07-11,24,BONITA_6_N001,101.83327,56
2022-07-12T07:00:00-00:00,2022-07-12T08:00:00-00:00,2022-07-12,1,BONITA_6_N001,77.70784,61
2022-07-12T08:00:00-00:00,2022-07-12T09:00:00-00:00,2022-07-12,2,BONITA_6_N001,80.78549,61
2022-07-12T09:00:00-00:00,2022-07-12T10:00:00-00:00,2022-07-12,3,BONITA_6_N001,79.84296,61
2022-07-12T10:00:00-00:00,2022-07-12T11:00:00-00:00,2022-07-12,4,BONITA_6_N001,79.22057,61
2022-07-12T11:00:00-00:00,2022-07-12T12:00:00-00:00,2022-07-12,5,BONITA_6_N001,80.39673,61
2022-07-12T12:00:00-00:00,2022-07-12T13:00:00-00:00,2022-07-12,6,BONITA_6_N001,107.09661,61
2022-07-12T13:00:00-00:00,2022-07-12T14:00:00-00:00,2022-07-12,7,BONITA_6_N001,84.47341,61
2022-07-12T14:00:00-00:00,2022-07-12T15:00:00-00:00,2022-07-12,8,BONITA_6_N001,63.2885,61
2022-07-12T15:00:00-00:00,2022-07-12T16:00:00-00:00,2022-07-12,9,BONITA_6_N001,55.95143,61
2022-07-12T16:00:00-00:00,2022-07-12T17:00:00-00:00,2022-07-12,10,BONITA_6_N001,51.94295,61
2022-07-12T17:00:00-00:00,2022-07-12T18:00:00-00:00,2022-07-12,11,BONITA_6_N001,54.57308,61
2022-07-12T18:00:00-00:00,2022-07-12T19:00:00-00:00,2022-07-12,12,BONITA_6_N001,56.19923,61
2022-07-12T19:00:00-00:00,2022-07-12T20:00:00-00:00,2022-07-12,13,BONITA_6_N001,57.66932,61
2022-07-12T20:00:00-00:00,2022-07-12T21:00:00-00:00,2022-07-12,14,BONITA_6_N001,60.77319,61
2022-07-12T21:00:00-00:00,2022-07-12T22:00:00-00:00,2022-07-12,15,BONITA_6_N001,69.98391,61
2022-07-12T22:00:00-00:00,2022-07-12T23:00:00-00:00,2022-07-12,16,BONITA_6_N001,78.25312,61
2022-07-12T23:00:00-00:00,2022-07-13T00:00:00-00:00,2022-07-12,17,BONITA_6_N001,85.55872,61
2022-07-13T00:00:00-00:00,2022-07-13T01:00:00-00:00,2022-07-12,18,BONITA_6_N001,92.64364,61
2022-07-13T01:00:00-00:00,2022-07-13T02:00:00-00:00,2022-07-12,19,BONITA_6_N001,149.79541,61
2022-07-13T02:00:00-00:00,2022-07-13T03:00:00-00:00,2022-07-12,20,BONITA_6_N001,142.72343,61
2022-07-13T03:00:00-00:00,2022-07-13T04:00:00-00:00,2022-07-12,21,BONITA_6_N001,105.1237,61
2022-07-13T04:00:00-00:00,2022-07-13T05:00:00-00:00,2022-07-12,22,BONITA_6_N001,108.45747,61
2022-07-13T05:00:00-00:00,2022-07-13T06:00:00-00:00,2022-07-12,23,BONITA_6_N001,87.38671,61
2022-07-13T06:00:00-00:00,2022-07-13T07:00:00-00:00,2022-07-12,24,BONITA_6_N001,86.56958,61
2022-07-13T07:00:00-00:00,2022-07-13T08:00:00-00:00,2022-07-13,1,BONITA_6_N001,89.36216,66
2022-07-13T08:00:00-00:00,2022-07-13T09:00:00-00:00,2022-07-13,2,BONITA_6_N001,86.43579,66
2022-07-13T09:00:00-00:00,2022-07-13T10:00:00-00:00,2022-07-13,3,BONITA_6_N001,84.11406,66
2022-07-13T10:00:00-00:00,2022-07-13T11:00:00-00:00,2022-07-13,4,BONITA_6_N001,82.67519,66
2022-07-13T11:00:00-00:00,2022-07-13T12:00:00-00:00,2022-07-13,5,BONITA_6_N001,81.24958,66
2022-07-13T12:00:00-00:00,2022-07-13T13:00:00-00:00,2022-07-13,6,BONITA_6_N001,90.67598,66
2022-07-13T13:00:00-00:00,2022-07-13T14:00:00-00:00,2022-07-13,7,BONITA_6_N001,86.14198,66
2022-07-13T14:00:00-00:00,2022-07-13T15:00:00-00:00,2022-07-13,8,BONITA_6_N001,66.88523,66
2022-07-13T15:00:00-00:00,2022-07-13T16:00:00-00:00,2022-07-13,9,BONITA_6_N001,57.49191,66
2022-07-13T16:00:00-00:00,2022-07-13T17:00:00-00:00,2022-07-13,10,BONITA_6_N001,54.40366,66
2022-07-13T17:00:00-00:00,2022-07-13T18:00:00-00:00,2022-07-13,11,BONITA_6_N001,57.28698,66
2022-07-13T18:00:00-00:00,2022-07-13T19:00:00-00:00,2022-07-13,12,BONITA_6_N001,57.46775,66
2022-07-13T19:00:00-00:00,2022-07-13T20:00:00-00:00,2022-07-13,13,BONITA_6_N001,55.82816,66
2022-07-13T20:00:00-00:00,2022-07-13T21:00:00-00:00,2022-07-13,14,BONITA_6_N001,57.12316,66
2022-07-13T21:00:00-00:00,2022-07-13T22:00:00-00:00,2022-07-13,15,BONITA_6_N001,61.75412,66
2022-07-13T22:00:00-00:00,2022-07-13T23:00:00-00:00,2022-07-13,16,BONITA_6_N001,74.70283,66
2022-07-13T23:00:00-00:00,2022-07-14T00:00:00-00:00,2022-07-13,17,BONITA_6_N001,83.63442,66
2022-07-14T00:00:00-00:00,2022-07-14T01:00:00-00:00,2022-07-13,18,BONITA_6_N001,89.1438,66
2022-07-14T01:00:00-00:00,2022-07-14T02:00:00-00:00,2022-07-13,19,BONITA_6_N001,102.13563,66
2022-07-14T02:00:00-00:00,2022-07-14T03:00:00-00:00,2022-07-13,20,BONITA_6_N001,93.34219,66
2022-07-14T03:00:00-00:00,2022-07-14T04:00:00-00:00,2022-07-13,21,BONITA_6_N001,83.54696,66
2022-07-14T04:00:00-00:00,2022-07-14T05:00:00-00:00,2022-07-13,22,BONITA_6_N001,95.67732,66
2022-07-14T05:00:00-00:00,2022-07-14T06:00:00-00:00,2022-07-13,23,BONITA_6_N001,86.91557,66
2022-07-14T06:00:00-00:00,2022-07-14T07:00:00-00:00,2022-07-13,24,BONITA_6_N001,85.56387,66
2022-07-14T07:00:00-00:00,2022-07-14T08:00:00-00:00,2022-07-14,1,BONITA_6_N001,95.25341,71
2022-07-14T08:00:00-00:00,2022-07-14T09:00:00-00:00,2022-07-14,2,BONITA_6_N001,88.42098,71
2022-07-14T09:00:00-00:00,2022-07-14T10:00:00-00:00,2022-07-14,3,BONITA_6_N001,85.49693,71
2022-07-14T10:00:00-00:00,2022-07-14T11:00:00-00:00,2022-07-14,4,BONITA_6_N001,83.51478,71
2022-07-14T11:00:00-00:00,2022-07-14T12:00:00-00:00,2022-07-14,5,BONITA_6_N001,79.09912,71
2022-07-14T12:00:00-00:00,2022-07-14T13:00:00-00:00,2022-07-14,6,BONITA_6_N001,90.40059,71
2022-07-14T13:00:00-00:00,2022-07-14T14:00:00-00:00,2022-07-14,7,BONITA_6_N001,88.47236,71
2022-07-14T14:00:00-00:00,2022-07-14T15:00:00-00:00,2022-07-14,8,BONITA_6_N001,64.21144,71
2022-07-14T15:00:00-00:00,2022-07-14T16:00:00-00:00,2022-07-14,9,BONITA_6_N001,56.48657,71
2022-07-14T16:00:00-00:00,2022-07-14T17:00:00-00:00,2022-07-14,10,BONITA_6_N001,54.95874,71
2022-07-14T17:00:00-00:00,2022-07-14T18:00:00-00:00,2022-07-14,11,BONITA_6_N001,55.61654,71
2022-07-14T18:00:00-00:00,2022-07-14T19:00:00-00:00,2022-07-14,12,BONITA_6_N001,54.68696,71
2022-07-14T19:00:00-00:00,2022-07-14T20:00:00-00:00,2022-07-14,13,BONITA_6_N001,58.77461,71
2022-07-14T20:00:00-00:00,2022-07-14T21:00:00-00:00,2022-07-14,14,BONITA_6_N001,63.5424,71
2022-07-14T21:00:00-00:00,2022-07-14T22:00:00-00:00,2022-07-14,15,BONITA_6_N001,72.97931,71
2022-07-14T22:00:00-00:00,2022-07-14T23:00:00-00:00,2022-07-14,16,BONITA_6_N001,85.77426,71
2022-07-14T23:00:00-00:00,2022-07-15T00:00:00-00:00,2022-07-14,17,BONITA_6_N001,86.60987,71
2022-07-15T00:00:00-00:00,2022-07-15T01:00:00-00:00,2022-07-14,18,BONITA_6_N001,89.01627,71
2022-07-15T01:00:00-00:00,2022-07-15T02:00:00-00:00,2022-07-14,19,BONITA_6_N001,91.03247,71
2022-07-15T02:00:00-00:00,2022-07-15T03:00:00-00:00,2022-07-14,20,BONITA_6_N001,105.36623,71
2022-07-15T03:00:00-00:00,2022-07-15T04:00:00-00:00,2022-07-14,21,BONITA_6_N001,88.51675,71
2022-07-15T04:00:00-00:00,2022-07-15T05:00:00-00:00,2022-07-14,22,BONITA_6_N001,103.73369,71
2022-07-15T05:00:00-00:00,2022-07-15T06:00:00-00:00,2022-07-14,23,BONITA_6_N001,101.24265,71
2022-07-15T06:00:00-00:00,2022-07-15T07:00:00-00:00,2022-07-14,24,BONITA_6_N001,92.62846,71
2022-07-15T07:00:00-00:00,2022-07-15T08:00:00-00:00,2022-07-15,1,BONITA_6_N001,106.50505,76
2022-07-15T08:00:00-00:00,2022-07-15T09:00:00-00:00,2022-07-15,2,BONITA_6_N001,95.93514,76
2022-07-15T09:00:00-00:00,2022-07-15T10:00:00-00:00,2022-07-15,3,BONITA_6_N001,89.6739,76
2022-07-15T10:00:00-00:00,2022-07-15T11:00:00-00:00,2022-07-15,4,BONITA_6_N001,83.90514,76
2022-07-15T11:00:00-00:00,2022-07-15T12:00:00-00:00,2022-07-15,5,BONITA_6_N001,83.80254,76
2022-07-15T12:00:00-00:00,2022-07-15T13:00:00-00:00,2022-07-15,6,BONITA_6_N001,93.11925,76
2022-07-15T13:00:00-00:00,2022-07-15T14:00:00-00:00,2022-07-15,7,BONITA_6_N001,88.6811,76
2022-07-15T14:00:00-00:00,2022-07-15T15:00:00-00:00,2022-07-15,8,BONITA_6_N001,65.98913,76
2022-07-15T15:00:00-00:00,2022-07-15T16:00:00-00:00,2022-07-15,9,BONITA_6_N001,57.0839,76
2022-07-15T16:00:00-00:00,2022-07-15T17:00:00-00:00,2022-07-15,10,BONITA_6_N001,55.51873,76
2022-07-15T17:00:00-00:00,2022-07-15T18:00:00-00:00,2022-07-15,11,BONITA_6_N001,58.49566,76
2022-07-15T18:00:00-00:00,2022-07-15T19:00:00-00:00,2022-07-15,12,BONITA_6_N001,61.07001,76
2022-07-15T19:00:00-00:00,2022-07-15T20:00:00-00:00,2022-07-15,13,BONITA_6_N001,65.38821,76
2022-07-15T20:00:00-00:00,2022-07-15T21:00:00-00:00,2022-07-15,14,BONITA_6_N001,76.9088,76
2022-07-15T21:00:00-00:00,2022-07-15T22:00:00-00:00,2022-07-15,15,BONITA_6_N001,77.91117,76
2022-07-15T22:00:00-00:00,2022-07-15T23:00:00-00:00,2022-07-15,16,BONITA_6_N001,74.31242,76
2022-07-15T23:00:00-00:00,2022-07-16T00:00:00-00:00,2022-07-15,17,BONITA_6_N001,90.1517,76
2022-07-16T00:00:00-00:00,2022-07-16T01:00:00-00:00,2022-07-15,18,BONITA_6_N001,97.67651,76
2022-07-16T01:00:00-00:00,2022-07-16T02:00:00-00:00,2022-07-15,19,BONITA_6_N001,96.82977,76
2022-07-16T02:00:00-00:00,2022-07-16T03:00:00-00:00,2022-07-15,20,BONITA_6_N001,144.7226,76
2022-07-16T03:00:00-00:00,2022-07-16T04:00:00-00:00,2022-07-15,21,BONITA_6_N001,114.94117,76
2022-07-16T04:00:00-00:00,2022-07-16T05:00:00-00:00,2022-07-15,22,BONITA_6_N001,108.91871,76
2022-07-16T05:00:00-00:00,2022-07-16T06:00:00-00:00,2022-07-15,23,BONITA_6_N001,96.99805,76
2022-07-16T06:00:00-00:00,2022-07-16T07:00:00-00:00,2022-07-15,24,BONITA_6_N001,107.64609,76
2022-07-16T07:00:00-00:00,2022-07-16T08:00:00-00:00,2022-07-16,1,BONITA_6_N001,90.60428,81
2022-07-16T08:00:00-00:00,2022-07-16T09:00:00-00:00,2022-07-16,2,BONITA_6_N001,85.7955,81
2022-07-16T09:00:00-00:00,2022-07-16T10:00:00-00:00,2022-07-16,3,BONITA_6_N001,83.21205,81
2022-07-16T10:00:00-00:00,2022-07-16T11:00:00-00:00,2022-07-16,4,BONITA_6_N001,72.19198,81
2022-07-16T11:00:00-00:00,2022-07-16T12:00:00-00:00,2022-07-16,5,BONITA_6_N001,72.04255,81
2022-07-16T12:00:00-00:00,2022-07-16T13:00:00-00:00,2022-07-16,6,BONITA_6_N001,76.30542,81
2022-07-16T13:00:00-00:00,2022-07-16T14:00:00-00:00,2022-07-16,7,BONITA_6_N001,80.65744,81
2022-07-16T14:00:00-00:00,2022-07-16T15:00:00-00:00,2022-07-16,8,BONITA_6_N001,58.75685,81
2022-07-16T15:00:00-00:00,2022-07-16T16:00:00-00:00,2022-07-16,9,BONITA_6_N001,51.52393,81
2022-07-16T16:00:00-00:00,2022-07-16T17:00:00-00:00,2022-07-16,10,BONITA_6_N001,51.27422,81
2022-07-16T17:00:00-00:00,2022-07-16T18:00:00-00:00,2022-07-16,11,BONITA_6_N001,52.63546,81
2022-07-16T18:00:00-00:00,2022-07-16T19:00:00-00:00,2022-07-16,12,BONITA_6_N001,54.70943,81
2022-07-16T19:00:00-00:00,2022-07-16T20:00:00-00:00,2022-07-16,13,BONITA_6_N001,61.78786,81
2022-07-16T20:00:00-00:00,2022-07-16T21:00:00-00:00,2022-07-16,14,BONITA_6_N001,73.47491,81
2022-07-16T21:00:00-00:00,2022-07-16T22:00:00-00:00,2022-07-16,15,BONITA_6_N001,79.55642,81
2022-07-16T22:00:00-00:00,2022-07-16T23:00:00-00:00,2022-07-16,16,BONITA_6_N001,84.84583,81
2022-07-16T23:00:00-00:00,2022-07-17T00:00:00-00:00,2022-07-16,17,BONITA_6_N001,88.35507,81
2022-07-17T00:00:00-00:00,2022-07-17T01:00:00-00:00,2022-07-16,18,BONITA_6_N001,94.88751,81
2022-07-17T01:00:00-00:00,2022-07-17T02:00:00-00:00,2022-07-16,19,BONITA_6_N001,106.91149,81
2022-07-17T02:00:00-00:00,2022-07-17T03:00:00-00:00,2022-07-16,20,BONITA_6_N001,161.38707,81
2022-07-17T03:00:00-00:00,2022-07-17T04:00:00-00:00,2022-07-16,21,BONITA_6_N001,113.91762,81
2022-07-17T04:00:00-00:00,2022-07-17T05:00:00-00:00,2022-07-16,22,BONITA_6_N001,108.44266,81
2022-07-17T05:00:00-00:00,2022-07-17T06:00:00-00:00,2022-07-16,23,BONITA_6_N001,85.49632,81
2022-07-17T06:00:00-00:00,2022-07-17T07:00:00-00:00,2022-07-16,24,BONITA_6_N001,93.82322,81
2022-07-17T07:00:00-00:00,2022-07-17T08:00:00-00:00,2022-07-17,1,BONITA_6_N001,87.94691,86
2022-07-17T08:00:00-00:00,2022-07-17T09:00:00-00:00,2022-07-17,2,BONITA_6_N001,90.47267,86
2022-07-17T09:00:00-00:00,2022-07-17T10:00:00-00:00,2022-07-17,3,BONITA_6_N001,83.24868,86
2022-07-17T10:00:00-00:00,2022-07-17T11:00:00-00:00,2022-07-17,4,BONITA_6_N001,81.3354,86
2022-07-17T11:00:00-00:00,2022-07-17T12:00:00-00:00,2022-07-17,5,BONITA_6_N001,80.48229,86
2022-07-17T12:00:00-00:00,2022-07-17T13:00:00-00:00,2022-07-17,6,BONITA_6_N001,80.5564,86
2022-07-17T13:00:00-00:00,2022-07-17T14:00:00-00:00,2022-07-17,7,BONITA_6_N001,71.2276,86
2022-07-17T14:00:00-00:00,2022-07-17T15:00:00-00:00,2022-07-17,8,BONITA_6_N001,56.10427,86
2022-07-17T15:00:00-00:00,2022-07-17T16:00:00-00:00,2022-07-17,9,BONITA_6_N001,47.09488,86
2022-07-17T16:00:00-00:00,2022-07-17T17:00:00-00:00,2022-07-17,10,BONITA_6_N001,49.87713,86
2022-07-17T17:00:00-00:00,2022-07-17T18:00:00-00:00,2022-07-17,11,BONITA_6_N001,51.85013,86
2022-07-17T18:00:00-00:00,2022-07-17T19:00:00-00:00,2022-07-17,12,BONITA_6_N001,58.18522,86
2022-07-17T19:00:00-00:00,2022-07-17T20:00:00-00:00,2022-07-17,13,BONITA_6_N001,62.34182,86
2022-07-17T20:00:00-00:00,2022-07-17T21:00:00-00:00,2022-07-17,14,BONITA_6_N001,67.36153,86
2022-07-17T21:00:00-00:00,2022-07-17T22:00:00-00:00,2022-07-17,15,BONITA_6_N001,70.08507,86
2022-07-17T22:00:00-00:00,2022-07-17T23:00:00-00:00,2022-07-17,16,BONITA_6_N001,78.29477,86
2022-07-17T23:00:00-00:00,2022-07-18T00:00:00-00:00,2022-07-17,17,BONITA_6_N001,85.74655,86
2022-07-18T00:00:00-00:00,2022-07-18T01:00:00-00:00,2022-07-17,18,BONITA_6_N001,85.99657,86
2022-07-18T01:00:00-00:00,2022-07-18T02:00:00-00:00,2022-07-17,19,BONITA_6_N001,89.43626,86
2022-07-18T02:00:00-00:00,2022-07-18T03:00:00-00:00,2022-07-17,20,BONITA_6_N001,123.56239,86
2022-07-18T03:00:00-00:00,2022-07-18T04:00:00-00:00,2022-07-17,21,BONITA_6_N001,106.49271,86
2022-07-18T04:00:00-00:00,2022-07-18T05:00:00-00:00,2022-07-17,22,BONITA_6_N001,103.40006,86
2022-07-18T05:00:00-00:00,2022-07-18T06:00:00-00:00,2022-07-17,23,BONITA_6_N001,85.20869,86
2022-07-18T06:00:00-00:00,2022-07-18T07:00:00-00:00,2022-07-17,24,BONITA_6_N001,88.13838,86
2022-07-18T07:00:00-00:00,2022-07-18T08:00:00-00:00,2022-07-18,1,BONITA_6_N001,102.52265,91
2022-07-18T08:00:00-00:00,2022-07-18T09:00:00-00:00,2022-07-18,2,BONITA_6_N001,94.13394,91
2022-07-18T09:00:00-00:00,2022-07-18T10:00:00-00:00,2022-07-18,3,BONITA_6_N001,89.15259,91
2022-07-18T10:00:00-00:00,2022-07-18T11:00:00-00:00,2022-07-18,4,BONITA_6_N001,87.31209,91
2022-07-18T11:00:00-00:00,2022-07-18T12:00:00-00:00,2022-07-18,5,BONITA_6_N001,83.57013,91
2022-07-18T12:00:00-00:00,2022-07-18T13:00:00-00:00,2022-07-18,6,BONITA_6_N001,90.26771,91
2022-07-18T13:00:00-00:00,2022-07-18T14:00:00-00:00,2022-07-18,7,BONITA_6_N001,96.02629,91
2022-07-18T14:00:00-00:00,2022-07-18T15:00:00-00:00,2022-07-18,8,BONITA_6_N001,71.27227,91
2022-07-18T15:00:00-00:00,2022-07-18T16:00:00-00:00,2022-07-18,9,BONITA_6_N001,67.87586,91
2022-07-18T16:00:00-00:00,2022-07-18T17:00:00-00:00,2022-07-18,10,BONITA_6_N001,65.88804,91
2022-07-18T17:00:00-00:00,2022-07-18T18:00:00-00:00,2022-07-18,11,BONITA_6_N001,65.01915,91
2022-07-18T18:00:00-00:00,2022-07-18T19:00:00-00:00,2022-07-18,12,BONITA_6_N001,68.63794,91
2022-07-18T19:00:00-00:00,2022-07-18T20:00:00-00:00,2022-07-18,13,BONITA_6_N001,74.90407,91
2022-07-18T20:00:00-00:00,2022-07-18T21:00:00-00:00,2022-07-18,14,BONITA_6_N001,82.70076,91
2022-07-18T21:00:00-00:00,2022-07-18T22:00:00-00:00,2022-07-18,15,BONITA_6_N001,86.17402,91
2022-07-18T22:00:00-00:00,2022-07-18T23:00:00-00:00,2022-07-18,16,BONITA_6_N001,87.85465,91
2022-07-18T23:00:00-00:00,2022-07-19T00:00:00-00:00,2022-07-18,17,BONITA_6_N001,98.42792,91
2022-07-19T00:00:00-00:00,2022-07-19T01:00:00-00:00,2022-07-18,18,BONITA_6_N001,107.04882,91
2022-07-19T01:00:00-00:00,2022-07-19T02:00:00-00:00,2022-07-18,19,BONITA_6_N001,121.96184,91
2022-07-19T02:00:00-00:00,2022-07-19T03:00:00-00:00,2022-07-18,20,BONITA_6_N001,166.7435,91
2022-07-19T03:00:00-00:00,2022-07-19T04:00:00-00:00,2022-07-18,21,BONITA_6_N001,124.58322,91
2022-07-19T04:00:00-00:00,2022-07-19T05:00:00-00:00,2022-07-18,22,BONITA_6_N001,116.94266,91
2022-07-19T05:00:00-00:00,2022-07-19T06:00:00-00:00,2022-07-18,23,BONITA_6_N001,101.2703,91
2022-07-19T06:00:00-00:00,2022-07-19T07:00:00-00:00,2022-07-18,24,BONITA_6_N001,115.42826,91
2022-07-19T07:00:00-00:00,2022-07-19T08:00:00-00:00,2022-07-19,1,BONITA_6_N001,102.35227,96
2022-07-19T08:00:00-00:00,2022-07-19T09:00:00-00:00,2022-07-19,2,BONITA_6_N001,99.97103,96
2022-07-19T09:00:00-00:00,2022-07-19T10:00:00-00:00,2022-07-19,3,BONITA_6_N001,99.51271,96
2022-07-19T10:00:00-00:00,2022-07-19T11:00:00-00:00,2022-07-19,4,BONITA_6_N001,90.24313,96
2022-07-19T11:00:00-00:00,2022-07-19T12:00:00-00:00,2022-07-19,5,BONITA_6_N001,95.14741,96
2022-07-19T12:00:00-00:00,2022-07-19T13:00:00-00:00,2022-07-19,6,BONITA_6_N001,95.40731,96
2022-07-19T13:00:00-00:00,2022-07-19T14:00:00-00:00,2022-07-19,7,BONITA_6_N001,100.90846,96
2022-07-19T14:00:00-00:00,2022-07-19T15:00:00-00:00,2022-07-19,8,BONITA_6_N001,75.39596,96
2022-07-19T15:00:00-00:00,2022-07-19T16:00:00-00:00,2022-07-19,9,BONITA_6_N001,65.44034,96
2022-07-19T16:00:00-00:00,2022-07-19T17:00:00-00:00,2022-07-19,10,BONITA_6_N001,65.00287,96
2022-07-19T17:00:00-00:00,2022-07-19T18:00:00-00:00,2022-07-19,11,BONITA_6_N001,66.20781,96
2022-07-19T18:00:00-00:00,2022-07-19T19:00:00-00:00,2022-07-19,12,BONITA_6_N001,72.2562,96
2022-07-19T19:00:00-00:00,2022-07-19T20:00:00-00:00,2022-07-19,13,BONITA_6_N001,76.04195,96
2022-07-19T20:00:00-00:00,2022-07-19T21:00:00-00:00,2022-07-19,14,BONITA_6_N001,80.3901,96
2022-07-19T21:00:00-00:00,2022-07-19T22:00:00-00:00,2022-07-19,15,BONITA_6_N001,86.60602,96
2022-07-19T22:00:00-00:00,2022-07-19T23:00:00-00:00,2022-07-19,16,BONITA_6_N001,96.83039,96
2022-07-19T23:00:00-00:00,2022-07-20T00:00:00-00:00,2022-07-19,17,BONITA_6_N001,103.37345,96
2022-07-20T00:00:00-00:00,2022-07-20T01:00:00-00:00,2022-07-19,18,BONITA_6_N001,121.978,96
2022-07-20T01:00:00-00:00,2022-07-20T02:00:00-00:00,2022-07-19,19,BONITA_6_N001,133.26672,96
2022-07-20T02:00:00-00:00,2022-07-20T03:00:00-00:00,2022-07-19,20,BONITA_6_N001,176.30923,96
2022-07-20T03:00:00-00:00,2022-07-20T04:00:00-00:00,2022-07-19,21,BONITA_6_N001,141.17165,96
2022-07-20T04:00:00-00:00,2022-07-20T05:00:00-00:00,2022-07-19,22,BONITA_6_N001,124.66936,96
2022-07-20T05:00:00-00:00,2022-07-20T06:00:00-00:00,2022-07-19,23,BONITA_6_N001,106.83831,96
2022-07-20T06:00:00-00:00,2022-07-20T07:00:00-00:00,2022-07-19,24,BONITA_6_N001,103.88503,96
2022-07-20T07:00:00-00:00,2022-07-20T08:00:00-00:00,2022-07-20,1,BONITA_6_N001,107.79347,101
2022-07-20T08:00:00-00:00,2022-07-20T09:00:00-00:00,2022-07-20,2,BONITA_6_N001,111.34582,101
2022-07-20T09:00:00-00:00,2022-07-20T10:00:00-00:00,2022-07-20,3,BONITA_6_N001,107.33236,101
2022-07-20T10:00:00-00:00,2022-07-20T11:00:00-00:00,2022-07-20,4,BONITA_6_N001,99.82177,101
2022-07-20T11:00:00-00:00,2022-07-20T12:00:00-00:00,2022-07-20,5,BONITA_6_N001,95.44661,101
2022-07-20T12:00:00-00:00,2022-07-20T13:00:00-00:00,2022-07-20,6,BONITA_6_N001,95.71075,101
2022-07-20T13:00:00-00:00,2022-07-20T14:00:00-00:00,2022-07-20,7,BONITA_6_N001,91.92843,101
2022-07-20T14:00:00-00:00,2022-07-20T15:00:00-00:00,2022-07-20,8,BONITA_6_N001,74.1724,101
2022-07-20T15:00:00-00:00,2022-07-20T16:00:00-00:00,2022-07-20,9,BONITA_6_N001,65.93505,101
2022-07-20T16:00:00-00:00,2022-07-20T17:00:00-00:00,2022-07-20,10,BONITA_6_N001,65.23267,101
2022-07-20T17:00:00-00:00,2022-07-20T18:00:00-00:00,2022-07-20,11,BONITA_6_N001,65.48933,101
2022-07-20T18:00:00-00:00,2022-07-20T19:00:00-00:00,2022-07-20,12,BONITA_6_N001,68.63163,101
2022-07-20T19:00:00-00:00,2022-07-20T20:00:00-00:00,2022-07-20,13,BONITA_6_N001,71.6911,101
2022-07-20T20:00:00-00:00,2022-07-20T21:00:00-00:00,2022-07-20,14,BONITA_6_N001,82.90763,101
2022-07-20T21:00:00-00:00,2022-07-20T22:00:00-00:00,2022-07-20,15,BONITA_6_N001,89.8251,101
2022-07-20T22:00:00-00:00,2022-07-20T23:00:00-00:00,2022-07-20,16,BONITA_6_N001,96.00651,101
2022-07-20T23:00:00-00:00,2022-07-21T00:00:00-00:00,2022-07-20,17,BONITA_6_N001,107.83938,101
2022-07-21T00:00:00-00:00,2022-07-21T01:00:00-00:00,2022-07-20,18,BONITA_6_N001,130.30554,101
2022-07-21T01:00:00-00:00,2022-07-21T02:00:00-00:00,2022-07-20,19,BONITA_6_N001,149.45361,101
2022-07-21T02:00:00-00:00,2022-07-21T03:00:00-00:00,2022-07-20,20,BONITA_6_N001,150.8952,101
2022-07-21T03:00:00-00:00,2022-07-21T04:00:00-00:00,2022-07-20,21,BONITA_6_N001,113.36374,101
2022-07-21T04:00:00-00:00,2022-07-21T05:00:00-00:00,2022-07-20,22,BONITA_6_N001,119.70474,101
2022-07-21T05:00:00-00:00,2022-07-21T06:00:00-00:00,2022-07-20,23,BONITA_6_N001,114.15272,101
2022-07-21T06:00:00-00:00,2022-07-21T07:00:00-00:00,2022-07-20,24,BONITA_6_N001,109.8068,101
2022-07-21T07:00:00-00:00,2022-07-21T08:00:00-00:00,2022-07-21,1,BONITA_6_N001,118.00749,106
2022-07-21T08:00:00-00:00,2022-07-21T09:00:00-00:00,2022-07-21,2,BONITA_6_N001,111.4252,106
2022-07-21T09:00:00-00:00,2022-07-21T10:00:00-00:00,2022-07-21,3,BONITA_6_N001,96.50553,106
2022-07-21T10:00:00-00:00,2022-07-21T11:00:00-00:00,2022-07-21,4,BONITA_6_N001,98.62632,106
2022-07-21T11:00:00-00:00,2022-07-21T12:00:00-00:00,2022-07-21,5,BONITA_6_N001,97.96645,106
2022-07-21T12:00:00-00:00,2022-07-21T13:00:00-00:00,2022-07-21,6,BONITA_6_N001,97.44557,106
2022-07-21T13:00:00-00:00,2022-07-21T14:00:00-00:00,2022-07-21,7,BONITA_6_N001,97.50585,106
2022-07-21T14:00:00-00:00,2022-07-21T15:00:00-00:00,2022-07-21,8,BONITA_6_N001,74.52491,106
2022-07-21T15:00:00-00:00,2022-07-21T16:00:00-00:00,2022-07-21,9,BONITA_6_N001,69.05438,106
2022-07-21T16:00:00-00:00,2022-07-21T17:00:00-00:00,2022-07-21,10,BONITA_6_N001,66.27651,106
2022-07-21T17:00:00-00:00,2022-07-21T18:00:00-00:00,2022-07-21,11,BONITA_6_N001,65.82808,106
2022-07-21T18:00:00-00:00,2022-07-21T19:00:00-00:00,2022-07-21,12,BONITA_6_N001,68.30299,106
2022-07-21T19:00:00-00:00,2022-07-21T20:00:00-00:00,2022-07-21,13,BONITA_6_N001,70.57837,106
2022-07-21T20:00:00-00:00,2022-07-21T21:00:00-00:00,2022-07-21,14,BONITA_6_N001,71.12498,106
2022-07-21T21:00:00-00:00,2022-07-21T22:00:00-00:00,2022-07-21,15,BONITA_6_N001,85.72548,106
2022-07-21T22:00:00-00:00,2022-07-21T23:00:00-00:00,2022-07-21,16,BONITA_6_N001,93.70872,106
2022-07-21T23:00:00-00:00,2022-07-22T00:00:00-00:00,2022-07-21,17,BONITA_6_N001,99.34742,106
2022-07-22T00:00:00-00:00,2022-07-22T01:00:00-00:00,2022-07-21,18,BONITA_6_N001,105.88278,106
2022-07-22T01:00:00-00:00,2022-07-22T02:00:00-00:00,2022-07-21,19,BONITA_6_N001,101.10763,106
2022-07-22T02:00:00-00:00,2022-07-22T03:00:00-00:00,2022-07-21,20,BONITA_6_N001,96.80526,106
2022-07-22T03:00:00-00:00,2022-07-22T04:00:00-00:00,2022-07-21,21,BONITA_6_N001,95.01121,106
2022-07-22T04:00:00-00:00,2022-07-22T05:00:00-00:00,2022-07-21,22,BONITA_6_N001,110.10561,106
2022-07-22T05:00:00-00:00,2022-07-22T06:00:00-00:00,2022-07-21,23,BONITA_6_N001,129.1982,106
2022-07-22T06:00:00-00:00,2022-07-22T07:00:00-00:00,2022-07-21,24,BONITA_6_N001,115.59087,106
2022-07-22T07:00:00-00:00,2022-07-22T08:00:00-00:00,2022-07-22,1,BONITA_6_N001,119.31943,111
2022-07-22T08:00:00-00:00,2022-07-22T09:00:00-00:00,2022-07-22,2,BONITA_6_N001,113.53606,111
2022-07-22T09:00:00-00:00,2022-07-22T10:00:00-00:00,2022-07-22,3,BONITA_6_N001,104.85409,111
2022-07-22T10:00:00-00:00,2022-07-22T11:00:00-00:00,2022-07-22,4,BONITA_6_N001,108.07246,111
2022-07-22T11:00:00-00:00,2022-07-22T12:00:00-00:00,2022-07-22,5,BONITA_6_N001,104.34015,111
2022-07-22T12:00:00-00:00,2022-07-22T13:00:00-00:00,2022-07-22,6,BONITA_6_N001,105.05523,111
2022-07-22T13:00:00-00:00,2022-07-22T14:00:00-00:00,2022-07-22,7,BONITA_6_N001,101.11747,111
2022-07-22T14:00:00-00:00,2022-07-22T15:00:00-00:00,2022-07-22,8,BONITA_6_N001,69.35849,111
2022-07-22T15:00:00-00:00,2022-07-22T16:00:00-00:00,2022-07-22,9,BONITA_6_N001,60.88832,111
2022-07-22T16:00:00-00:00,2022-07-22T17:00:00-00:00,2022-07-22,10,BONITA_6_N001,59.13285,111
2022-07-22T17:00:00-00:00,2022-07-22T18:00:00-00:00,2022-07-22,11,BONITA_6_N001,62.37507,111
2022-07-22T18:00:00-00:00,2022-07-22T19:00:00-00:00,2022-07-22,12,BONITA_6_N001,64.84646,111
2022-07-22T19:00:00-00:00,2022-07-22T20:00:00-00:00,2022-07-22,13,BONITA_6_N001,67.8537,111
2022-07-22T20:00:00-00:00,2022-07-22T21:00:00-00:00,2022-07-22,14,BONITA_6_N001,73.50795,111
2022-07-22T21:00:00-00:00,2022-07-22T22:00:00-00:00,2022-07-22,15,BONITA_6_N001,79.78798,111
2022-07-22T22:00:00-00:00,2022-07-22T23:00:00-00:00,2022-07-22,16,BONITA_6_N001,86.95063,111
2022-07-22T23:00:00-00:00,2022-07-23T00:00:00-00:00,2022-07-22,17,BONITA_6_N001,97.49365,111
2022-07-23T00:00:00-00:00,2022-07-23T01:00:00-00:00,2022-07-22,18,BONITA_6_N001,105.06665,111
2022-07-23T01:00:00-00:00,2022-07-23T02:00:00-00:00,2022-07-22,19,BONITA_6_N001,120.24299,111
2022-07-23T02:00:00-00:00,2022-07-23T03:00:00-00:00,2022-07-22,20,BONITA_6_N001,140.0471,111
2022-07-23T03:00:00-00:00,2022-07-23T04:00:00-00:00,2022-07-22,21,BONITA_6_N001,117.51757,111
2022-07-23T04:00:00-00:00,2022-07-23T05:00:00-00:00,2022-07-22,22,BONITA_6_N001,120.187,111
2022-07-23T05:00:00-00:00,2022-07-23T06:00:00-00:00,2022-07-22,23,BONITA_6_N001,126.46413,111
2022-07-23T06:00:00-00:00,2022-07-23T07:00:00-00:00,2022-07-22,24,BONITA_6_N001,120.37581,111
2022-07-23T07:00:00-00:00,2022-07-23T08:00:00-00:00,2022-07-23,1,BONITA_6_N001,113.82461,116
2022-07-23T08:00:00-00:00,2022-07-23T09:00:00-00:00,2022-07-23,2,BONITA_6_N001,108.99967,116
2022-07-23T09:00:00-00:00,2022-07-23T10:00:00-00:00,2022-07-23,3,BONITA_6_N001,102.35217,116
2022-07-23T10:00:00-00:00,2022-07-23T11:00:00-00:00,2022-07-23,4,BONITA_6_N001,100.20714,116
2022-07-23T11:00:00-00:00,2022-07-23T12:00:00-00:00,2022-07-23,5,BONITA_6_N001,101.08759,116
2022-07-23T12:00:00-00:00,2022-07-23T13:00:00-00:00,2022-07-23,6,BONITA_6_N001,100.18773,116
2022-07-23T13:00:00-00:00,2022-07-23T14:00:00-00:00,2022-07-23,7,BONITA_6_N001,97.08738,116
2022-07-23T14:00:00-00:00,2022-07-23T15:00:00-00:00,2022-07-23,8,BONITA_6_N001,66.04697,116
2022-07-23T15:00:00-00:00,2022-07-23T16:00:00-00:00,2022-07-23,9,BONITA_6_N001,53.06583,116
2022-07-23T16:00:00-00:00,2022-07-23T17:00:00-00:00,2022-07-23,10,BONITA_6_N001,50.40793,116
2022-07-23T17:00:00-00:00,2022-07-23T18:00:00-00:00,2022-07-23,11,BONITA_6_N001,54.28377,116
2022-07-23T18:00:00-00:00,2022-07-23T19:00:00-00:00,2022-07-23,12,BONITA_6_N001,57.55142,116
2022-07-23T19:00:00-00:00,2022-07-23T20:00:00-00:00,2022-07-23,13,BONITA_6_N001,65.43209,116
2022-07-23T20:00:00-00:00,2022-07-23T21:00:00-00:00,2022-07-23,14,BONITA_6_N001,65.6052,116
2022-07-23T21:00:00-00:00,2022-07-23T22:00:00-00:00,2022-07-23,15,BONITA_6_N001,71.75673,116
2022-07-23T22:00:00-00:00,2022-07-23T23:00:00-00:00,2022-07-23,16,BONITA_6_N001,75.9072,116
2022-07-23T23:00:00-00:00,2022-07-24T00:00:00-00:00,2022-07-23,17,BONITA_6_N001,82.53795,116
2022-07-24T00:00:00-00:00,2022-07-24T01:00:00-00:00,2022-07-23,18,BONITA_6_N001,96.32359,116
2022-07-24T01:00:00-00:00,2022-07-24T02:00:00-00:00,2022-07-23,19,BONITA_6_N001,119.77721,116
2022-07-24T02:00:00-00:00,2022-07-24T03:00:00-00:00,2022-07-23,20,BONITA_6_N001,123.32239,116
2022-07-24T03:00:00-00:00,2022-07-24T04:00:00-00:00,2022-07-23,21,BONITA_6_N001,113.93193,116
2022-07-24T04:00:00-00:00,2022-07-24T05:00:00-00:00,2022-07-23,22,BONITA_6_N001,115.74623,116
2022-07-24T05:00:00-00:00,2022-07-24T06:00:00-00:00,2022-07-23,23,BONITA_6_N001,116.94781,116
2022-07-24T06:00:00-00:00,2022-07-24T07:00:00-00:00,2022-07-23,24,BONITA_6_N001,112.53065,116
2022-07-24T07:00:00-00:00,2022-07-24T08:00:00-00:00,2022-07-24,1,BONITA_6_N001,122.32279,121
2022-07-24T08:00:00-00:00,2022-07-24T09:00:00-00:00,2022-07-24,2,BONITA_6_N001,114.49165,121
2022-07-24T09:00:00-00:00,2022-07-24T10:00:00-00:00,2022-07-24,3,BONITA_6_N001,107.77798,121
2022-07-24T10:00:00-00:00,2022-07-24T11:00:00-00:00,2022-07-24,4,BONITA_6_N001,103.28701,121
2022-07-24T11:00:00-00:00,2022-07-24T12:00:00-00:00,2022-07-24,5,BONITA_6_N001,104.69192,121
2022-07-24T12:00:00-00:00,2022-07-24T13:00:00-00:00,2022-07-24,6,BONITA_6_N001,156.81,121
2022-07-24T13:00:00-00:00,2022-07-24T14:00:00-00:00,2022-07-24,7,BONITA_6_N001,104.85503,121
2022-07-24T14:00:00-00:00,2022-07-24T15:00:00-00:00,2022-07-24,8,BONITA_6_N001,71.95466,121
2022-07-24T15:00:00-00:00,2022-07-24T16:00:00-00:00,2022-07-24,9,BONITA_6_N001,57.48403,121
2022-07-24T16:00:00-00:00,2022-07-24T17:00:00-00:00,2022-07-24,10,BONITA_6_N001,54.73179,121
2022-07-24T17:00:00-00:00,2022-07-24T18:00:00-00:00,2022-07-24,11,BONITA_6_N001,57.09358,121
2022-07-24T18:00:00-00:00,2022-07-24T19:00:00-00:00,2022-07-24,12,BONITA_6_N001,64.24236,121
2022-07-24T19:00:00-00:00,2022-07-24T20:00:00-00:00,2022-07-24,13,BONITA_6_N001,67.18965,121
2022-07-24T20:00:00-00:00,2022-07-24T21:00:00-00:00,2022-07-24,14,BONITA_6_N001,67.48462,121
2022-07-24T21:00:00-00:00,2022-07-24T22:00:00-00:00,2022-07-24,15,BONITA_6_N001,69.37797,121
2022-07-24T22:00:00-00:00,2022-07-24T23:00:00-00:00,2022-07-24,16,BONITA_6_N001,74.49,121
2022-07-24T23:00:00-00:00,2022-07-25T00:00:00-00:00,2022-07-24,17,BONITA_6_N001,89.48884,121
2022-07-25T00:00:00-00:00,2022-07-25T01:00:00-00:00,2022-07-24,18,BONITA_6_N001,101.82292,121
2022-07-25T01:00:00-00:00,2022-07-25T02:00:00-00:00,2022-07-24,19,BONITA_6_N001,112.5777,121
2022-07-25T02:00:00-00:00,2022-07-25T03:00:00-00:00,2022-07-24,20,BONITA_6_N001,121.20406,121
2022-07-25T03:00:00-00:00,2022-07-25T04:00:00-00:00,2022-07-24,21,BONITA_6_N001,111.656,121
2022-07-25T04:00:00-00:00,2022-07-25T05:00:00-00:00,2022-07-24,22,BONITA_6_N001,122.80714,121
2022-07-25T05:00:00-00:00,2022-07-25T06:00:00-00:00,2022-07-24,23,BONITA_6_N001,128.8404,121
2022-07-25T06:00:00-00:00,2022-07-25T07:00:00-00:00,2022-07-24,24,BONITA_6_N001,121.42421,121
2022-07-25T07:00:00-00:00,2022-07-25T08:00:00-00:00,2022-07-25,1,BONITA_6_N001,121.3821,126
2022-07-25T08:00:00-00:00,2022-07-25T09:00:00-00:00,2022-07-25,2,BONITA_6_N001,105.88998,126
2022-07-25T09:00:00-00:00,2022-07-25T10:00:00-00:00,2022-07-25,3,BONITA_6_N001,100.58588,126
2022-07-25T10:00:00-00:00,2022-07-25T11:00:00-00:00,2022-07-25,4,BONITA_6_N001,96.8272,126
2022-07-25T11:00:00-00:00,2022-07-25T12:00:00-00:00,2022-07-25,5,BONITA_6_N001,95.3824,126
2022-07-25T12:00:00-00:00,2022-07-25T13:00:00-00:00,2022-07-25,6,BONITA_6_N001,107.79379,126
2022-07-25T13:00:00-00:00,2022-07-25T14:00:00-00:00,2022-07-25,7,BONITA_6_N001,98.16776,126
2022-07-25T14:00:00-00:00,2022-07-25T15:00:00-00:00,2022-07-25,8,BONITA_6_N001,80.20454,126
2022-07-25T15:00:00-00:00,2022-07-25T16:00:00-00:00,2022-07-25,9,BONITA_6_N001,76.52114,126
2022-07-25T16:00:00-00:00,2022-07-25T17:00:00-00:00,2022-07-25,10,BONITA_6_N001,72.06733,126
2022-07-25T17:00:00-00:00,2022-07-25T18:00:00-00:00,2022-07-25,11,BONITA_6_N001,70.70084,126
2022-07-25T18:00:00-00:00,2022-07-25T19:00:00-00:00,2022-07-25,12,BONITA_6_N001,72.28992,126
2022-07-25T19:00:00-00:00,2022-07-25T20:00:00-00:00,2022-07-25,13,BONITA_6_N001,78.86814,126
2022-07-25T20:00:00-00:00,2022-07-25T21:00:00-00:00,2022-07-25,14,BONITA_6_N001,81.80476,126
2022-07-25T21:00:00-00:00,2022-07-25T22:00:00-00:00,2022-07-25,15,BONITA_6_N001,92.68795,126
2022-07-25T22:00:00-00:00,2022-07-25T23:00:00-00:00,2022-07-25,16,BONITA_6_N001,96.99251,126
2022-07-25T23:00:00-00:00,2022-07-26T00:00:00-00:00,2022-07-25,17,BONITA_6_N001,103.87202,126
2022-07-26T00:00:00-00:00,2022-07-26T01:00:00-00:00,2022-07-25,18,BONITA_6_N001,119.82702,126
2022-07-26T01:00:00-00:00,2022-07-26T02:00:00-00:00,2022-07-25,19,BONITA_6_N001,191.91206,126
2022-07-26T02:00:00-00:00,2022-07-26T03:00:00-00:00,2022-07-25,20,BONITA_6_N001,244.43295,126
2022-07-26T03:00:00-00:00,2022-07-26T04:00:00-00:00,2022-07-25,21,BONITA_6_N001,118.05,126
2022-07-26T04:00:00-00:00,2022-07-26T05:00:00-00:00,2022-07-25,22,BONITA_6_N001,131.35236,126
2022-07-26T05:00:00-00:00,2022-07-26T06:00:00-00:00,2022-07-25,23,BONITA_6_N001,124.07187,126
2022-07-26T06:00:00-00:00,2022-07-26T07:00:00-00:00,2022-07-25,24,BONITA_6_N001,127.57356,126
2022-07-26T07:00:00-00:00,2022-07-26T08:00:00-00:00,2022-07-26,1,BONITA_6_N001,112.00723,131
2022-07-26T08:00:00-00:00,2022-07-26T09:00:00-00:00,2022-07-26,2,BONITA_6_N001,105.09778,131
2022-07-26T09:00:00-00:00,2022-07-26T10:00:00-00:00,2022-07-26,3,BONITA_6_N001,103.31608,131
2022-07-26T10:00:00-00:00,2022-07-26T11:00:00-00:00,2022-07-26,4,BONITA_6_N001,92.3969,131
2022-07-26T11:00:00-00:00,2022-07-26T12:00:00-00:00,2022-07-26,5,BONITA_6_N001,97.15232,131
2022-07-26T12:00:00-00:00,2022-07-26T13:00:00-00:00,2022-07-26,6,BONITA_6_N001,103.48341,131
2022-07-26T13:00:00-00:00,2022-07-26T14:00:00-00:00,2022-07-26,7,BONITA_6_N001,123.97383,131
2022-07-26T14:00:00-00:00,2022-07-26T15:00:00-00:00,2022-07-26,8,BONITA_6_N001,84.98366,131
2022-07-26T15:00:00-00:00,2022-07-26T16:00:00-00:00,2022-07-26,9,BONITA_6_N001,76.05016,131
2022-07-26T16:00:00-00:00,2022-07-26T17:00:00-00:00,2022-07-26,10,BONITA_6_N001,73.60606,131
2022-07-26T17:00:00-00:00,2022-07-26T18:00:00-00:00,2022-07-26,11,BONITA_6_N001,72.87297,131
2022-07-26T18:00:00-00:00,2022-07-26T19:00:00-00:00,2022-07-26,12,BONITA_6_N001,73.22877,131
2022-07-26T19:00:00-00:00,2022-07-26T20:00:00-00:00,2022-07-26,13,BONITA_6_N001,76.65505,131
2022-07-26T20:00:00-00:00,2022-07-26T21:00:00-00:00,2022-07-26,14,BONITA_6_N001,84.0959,131
2022-07-26T21:00:00-00:00,2022-07-26T22:00:00-00:00,2022-07-26,15,BONITA_6_N001,93.0,131
2022-07-26T22:00:00-00:00,2022-07-26T23:00:00-00:00,2022-07-26,16,BONITA_6_N001,96.08274,131
2022-07-26T23:00:00-00:00,2022-07-27T00:00:00-00:00,2022-07-26,17,BONITA_6_N001,105.35453,131
2022-07-27T00:00:00-00:00,2022-07-27T01:00:00-00:00,2022-07-26,18,BONITA_6_N001,124.15559,131
2022-07-27T01:00:00-00:00,2022-07-27T02:00:00-00:00,2022-07-26,19,BONITA_6_N001,164.7295,131
2022-07-27T02:00:00-00:00,2022-07-27T03:00:00-00:00,2022-07-26,20,BONITA_6_N001,142.4896,131
2022-07-27T03:00:00-00:00,2022-07-27T04:00:00-00:00,2022-07-26,21,BONITA_6_N001,277.42,131
2022-07-27T04:00:00-00:00,2022-07-27T05:00:00-00:00,2022-07-26,22,BONITA_6_N001,123.19,131
2022-07-27T05:00:00-00:00,2022-07-27T06:00:00-00:00,2022-07-26,23,BONITA_6_N001,135.24919,131
2022-07-27T06:00:00-00:00,2022-07-27T07:00:00-00:00,2022-07-26,24,BONITA_6_N001,130.20152,131
2022-07-27T07:00:00-00:00,2022-07-27T08:00:00-00:00,2022-07-27,1,BONITA_6_N001,126.57236,136
2022-07-27T08:00:00-00:00,2022-07-27T09:00:00-00:00,2022-07-27,2,BONITA_6_N001,112.18603,136
2022-07-27T09:00:00-00:00,2022-07-27T10:00:00-00:00,2022-07-27,3,BONITA_6_N001,107.82418,136
2022-07-27T10:00:00-00:00,2022-07-27T11:00:00-00:00,2022-07-27,4,BONITA_6_N001,101.87556,136
2022-07-27T11:00:00-00:00,2022-07-27T12:00:00-00:00,2022-07-27,5,BONITA_6_N001,105.14791,136
2022-07-27T12:00:00-00:00,2022-07-27T13:00:00-00:00,2022-07-27,6,BONITA_6_N001,111.57041,136
2022-07-27T13:00:00-00:00,2022-07-27T14:00:00-00:00,2022-07-27,7,BONITA_6_N001,134.58195,136
2022-07-27T14:00:00-00:00,2022-07-27T15:00:00-00:00,2022-07-27,8,BONITA_6_N001,88.50256,136
2022-07-27T15:00:00-00:00,2022-07-27T16:00:00-00:00,2022-07-27,9,BONITA_6_N001,80.8728,136
2022-07-27T16:00:00-00:00,2022-07-27T17:00:00-00:00,2022-07-27,10,BONITA_6_N001,76.32335,136
2022-07-27T17:00:00-00:00,2022-07-27T18:00:00-00:00,2022-07-27,11,BONITA_6_N001,75.03025,136
2022-07-27T18:00:00-00:00,2022-07-27T19:00:00-00:00,2022-07-27,12,BONITA_6_N001,73.98403,136
2022-07-27T19:00:00-00:00,2022-07-27T20:00:00-00:00,2022-07-27,13,BONITA_6_N001,79.92974,136
2022-07-27T20:00:00-00:00,2022-07-27T21:00:00-00:00,2022-07-27,14,BONITA_6_N001,83.74316,136
2022-07-27T21:00:00-00:00,2022-07-27T22:00:00-00:00,2022-07-27,15,BONITA_6_N001,90.57,136
2022-07-27T22:00:00-00:00,2022-07-27T23:00:00-00:00,2022-07-27,16,BONITA_6_N001,99.28115,136
2022-07-27T23:00:00-00:00,2022-07-28T00:00:00-00:00,2022-07-27,17,BONITA_6_N001,102.86769,136
2022-07-28T00:00:00-00:00,2022-07-28T01:00:00-00:00,2022-07-27,18,BONITA_6_N001,122.89916,136
2022-07-28T01:00:00-00:00,2022-07-28T02:00:00-00:00,2022-07-27,19,BONITA_6_N001,200.71783,136
2022-07-28T02:00:00-00:00,2022-07-28T03:00:00-00:00,2022-07-27,20,BONITA_6_N001,140.84558,136
2022-07-28T03:00:00-00:00,2022-07-28T04:00:00-00:00,2022-07-27,21,BONITA_6_N001,119.72463,136
2022-07-28T04:00:00-00:00,2022-07-28T05:00:00-00:00,2022-07-27,22,BONITA_6_N001,136.54369,136
2022-07-28T05:00:00-00:00,2022-07-28T06:00:00-00:00,2022-07-27,23,BONITA_6_N001,139.31924,136
2022-07-28T06:00:00-00:00,2022-07-28T07:00:00-00:00,2022-07-27,24,BONITA_6_N001,133.54234,136
2022-07-28T07:00:00-00:00,2022-07-28T08:00:00-00:00,2022-07-28,1,BONITA_6_N001,136.11147,141
2022-07-28T08:00:00-00:00,2022-07-28T09:00:00-00:00,2022-07-28,2,BONITA_6_N001,115.61498,141
2022-07-28T09:00:00-00:00,2022-07-28T10:00:00-00:00,2022-07-28,3,BONITA_6_N001,112.09581,141
2022-07-28T10:00:00-00:00,2022-07-28T11:00:00-00:00,2022-07-28,4,BONITA_6_N001,106.34918,141
2022-07-28T11:00:00-00:00,2022-07-28T12:00:00-00:00,2022-07-28,5,BONITA_6_N001,106.54069,141
2022-07-28T12:00:00-00:00,2022-07-28T13:00:00-00:00,2022-07-28,6,BONITA_6_N001,106.47491,141
2022-07-28T13:00:00-00:00,2022-07-28T14:00:00-00:00,2022-07-28,7,BONITA_6_N001,118.47434,141
2022-07-28T14:00:00-00:00,2022-07-28T15:00:00-00:00,2022-07-28,8,BONITA_6_N001,86.98767,141
2022-07-28T15:00:00-00:00,2022-07-28T16:00:00-00:00,2022-07-28,9,BONITA_6_N001,81.54747,141
2022-07-28T16:00:00-00:00,2022-07-28T17:00:00-00:00,2022-07-28,10,BONITA_6_N001,75.86883,141
2022-07-28T17:00:00-00:00,2022-07-28T18:00:00-00:00,2022-07-28,11,BONITA_6_N001,75.78237,141
2022-07-28T18:00:00-00:00,2022-07-28T19:00:00-00:00,2022-07-28,12,BONITA_6_N001,77.63835,141
2022-07-28T19:00:00-00:00,2022-07-28T20:00:00-00:00,2022-07-28,13,BONITA_6_N001,79.29234,141
2022-07-28T20:00:00-00:00,2022-07-28T21:00:00-00:00,2022-07-28,14,BONITA_6_N001,85.37499,141
2022-07-28T21:00:00-00:00,2022-07-28T22:00:00-00:00,2022-07-28,15,BONITA_6_N001,90.54398,141
2022-07-28T22:00:00-00:00,2022-07-28T23:00:00-00:00,2022-07-28,16,BONITA_6_N001,97.50873,141
2022-07-28T23:00:00-00:00,2022-07-29T00:00:00-00:00,2022-07-28,17,BONITA_6_N001,110.28323,141
2022-07-29T00:00:00-00:00,2022-07-29T01:00:00-00:00,2022-07-28,18,BONITA_6_N001,348.37524,141
2022-07-29T01:00:00-00:00,2022-07-29T02:00:00-00:00,2022-07-28,19,BONITA_6_N001,214.82712,141
2022-07-29T02:00:00-00:00,2022-07-29T03:00:00-00:00,2022-07-28,20,BONITA_6_N001,235.1802,141
2022-07-29T03:00:00-00:00,2022-07-29T04:00:00-00:00,2022-07-28,21,BONITA_6_N001,185.2243,141
2022-07-29T04:00:00-00:00,2022-07-29T05:00:00-00:00,2022-07-28,22,BONITA_6_N001,216.64964,141
2022-07-29T05:00:00-00:00,2022-07-29T06:00:00-00:00,2022-07-28,23,BONITA_6_N001,131.91737,141
2022-07-29T06:00:00-00:00,2022-07-29T07:00:00-00:00,2022-07-28,24,BONITA_6_N001,133.37506,141
