INTERVALSTARTTIME_GMT,INTERVALENDTIME_GMT,OPR_DT,OPR_HR,NODE_ID,MW,GROUP
2022-08-29T07:00:00-00:00,2022-08-29T08:00:00-00:00,2022-08-29,1,CARLOTTA_6_N001,78.7478,1
2022-08-29T08:00:00-00:00,2022-08-29T09:00:00-00:00,2022-08-29,2,CARLOTTA_6_N001,74.89504,1
2022-08-29T09:00:00-00:00,2022-08-29T10:00:00-00:00,2022-08-29,3,CARLOTTA_6_N001,75.99857,1
2022-08-29T10:00:00-00:00,2022-08-29T11:00:00-00:00,2022-08-29,4,CARLOTTA_6_N001,73.98766,1
2022-08-29T11:00:00-00:00,2022-08-29T12:00:00-00:00,2022-08-29,5,CARLOTTA_6_N001,77.59376,1
2022-08-29T12:00:00-00:00,2022-08-29T13:00:00-00:00,2022-08-29,6,CARLOTTA_6_N001,79.32396,1
2022-08-29T13:00:00-00:00,2022-08-29T14:00:00-00:00,2022-08-29,7,CARLOTTA_6_N001,103.0458,1
2022-08-29T14:00:00-00:00,2022-08-29T15:00:00-00:00,2022-08-29,8,CARLOTTA_6_N001,66.46646,1
2022-08-29T15:00:00-00:00,2022-08-29T16:00:00-00:00,2022-08-29,9,CARLOTTA_6_N001,72.95702,1
2022-08-29T16:00:00-00:00,2022-08-29T17:00:00-00:00,2022-08-29,10,CARLOTTA_6_N001,54.37838,1
2022-08-29T17:00:00-00:00,2022-08-29T18:00:00-00:00,2022-08-29,11,CARLOTTA_6_N001,63.06893,1
2022-08-29T18:00:00-00:00,2022-08-29T19:00:00-00:00,2022-08-29,12,CARLOTTA_6_N001,68.54178,1
2022-08-29T19:00:00-00:00,2022-08-29T20:00:00-00:00,2022-08-29,13,CARLOTTA_6_N001,76.88538,1
2022-08-29T20:00:00-00:00,2022-08-29T21:00:00-00:00,2022-08-29,14,CARLOTTA_6_N001,83.69756,1
2022-08-29T21:00:00-00:00,2022-08-29T22:00:00-00:00,2022-08-29,15,CARLOTTA_6_N001,95.61651,1
2022-08-29T22:00:00-00:00,2022-08-29T23:00:00-00:00,2022-08-29,16,CARLOTTA_6_N001,89.74014,1
2022-08-29T23:00:00-00:00,2022-08-30T00:00:00-00:00,2022-08-29,17,CARLOTTA_6_N001,108.13909,1
2022-08-30T00:00:00-00:00,2022-08-30T01:00:00-00:00,2022-08-29,18,CARLOTTA_6_N001,104.47714,1
2022-08-30T01:00:00-00:00,2022-08-30T02:00:00-00:00,2022-08-29,19,CARLOTTA_6_N001,126.77116,1
2022-08-30T02:00:00-00:00,2022-08-30T03:00:00-00:00,2022-08-29,20,CARLOTTA_6_N001,135.68924,1
2022-08-30T03:00:00-00:00,2022-08-30T04:00:00-00:00,2022-08-29,21,CARLOTTA_6_N001,104.52899,1
2022-08-30T04:00:00-00:00,2022-08-30T05:00:00-00:00,2022-08-29,22,CARLOTTA_6_N001,143.1162,1
2022-08-30T05:00:00-00:00,2022-08-30T06:00:00-00:00,2022-08-29,23,CARLOTTA_6_N001,102.08882,1
2022-08-30T06:00:00-00:00,2022-08-30T07:00:00-00:00,2022-08-29,24,CARLOTTA_6_N001,97.07534,1
2022-08-30T07:00:00-00:00,2022-08-30T08:00:00-00:00,2022-08-30,1,CARLOTTA_6_N001,103.1759,6
2022-08-30T08:00:00-00:00,2022-08-30T09:00:00-00:00,2022-08-30,2,CARLOTTA_6_N001,87.0463,6
2022-08-30T09:00:00-00:00,2022-08-30T10:00:00-00:00,2022-08-30,3,CARLOTTA_6_N001,86.93784,6
2022-08-30T10:00:00-00:00,2022-08-30T11:00:00-00:00,2022-08-30,4,CARLOTTA_6_N001,86.96639,6
2022-08-30T11:00:00-00:00,2022-08-30T12:00:00-00:00,2022-08-30,5,CARLOTTA_6_N001,87.00537,6
2022-08-30T12:00:00-00:00,2022-08-30T13:00:00-00:00,2022-08-30,6,CARLOTTA_6_N001,99.52613,6
2022-08-30T13:00:00-00:00,2022-08-30T14:00:00-00:00,2022-08-30,7,CARLOTTA_6_N001,113.85959,6
2022-08-30T14:00:00-00:00,2022-08-30T15:00:00-00:00,2022-08-30,8,CARLOTTA_6_N001,101.12719,6
2022-08-30T15:00:00-00:00,2022-08-30T16:00:00-00:00,2022-08-30,9,CARLOTTA_6_N001,81.12158,6
2022-08-30T16:00:00-00:00,2022-08-30T17:00:00-00:00,2022-08-30,10,CARLOTTA_6_N001,81.31422,6
2022-08-30T17:00:00-00:00,2022-08-30T18:00:00-00:00,2022-08-30,11,CARLOTTA_6_N001,78.30112,6
2022-08-30T18:00:00-00:00,2022-08-30T19:00:00-00:00,2022-08-30,12,CARLOTTA_6_N001,89.15593,6
2022-08-30T19:00:00-00:00,2022-08-30T20:00:00-00:00,2022-08-30,13,CARLOTTA_6_N001,104.95269,6
2022-08-30T20:00:00-00:00,2022-08-30T21:00:00-00:00,2022-08-30,14,CARLOTTA_6_N001,98.46597,6
2022-08-30T21:00:00-00:00,2022-08-30T22:00:00-00:00,2022-08-30,15,CARLOTTA_6_N001,141.94962,6
2022-08-30T22:00:00-00:00,2022-08-30T23:00:00-00:00,2022-08-30,16,CARLOTTA_6_N001,151.10992,6
2022-08-30T23:00:00-00:00,2022-08-31T00:00:00-00:00,2022-08-30,17,CARLOTTA_6_N001,119.81644,6
2022-08-31T00:00:00-00:00,2022-08-31T01:00:00-00:00,2022-08-30,18,CARLOTTA_6_N001,164.59834,6
2022-08-31T01:00:00-00:00,2022-08-31T02:00:00-00:00,2022-08-30,19,CARLOTTA_6_N001,200.21964,6
2022-08-31T02:00:00-00:00,2022-08-31T03:00:00-00:00,2022-08-30,20,CARLOTTA_6_N001,234.69928,6
2022-08-31T03:00:00-00:00,2022-08-31T04:00:00-00:00,2022-08-30,21,CARLOTTA_6_N001,164.57843,6
2022-08-31T04:00:00-00:00,2022-08-31T05:00:00-00:00,2022-08-30,22,CARLOTTA_6_N001,121.75678,6
2022-08-31T05:00:00-00:00,2022-08-31T06:00:00-00:00,2022-08-30,23,CARLOTTA_6_N001,124.38144,6
2022-08-31T06:00:00-00:00,2022-08-31T07:00:00-00:00,2022-08-30,24,CARLOTTA_6_N001,122.11741,6
2022-08-31T07:00:00-00:00,2022-08-31T08:00:00-00:00,2022-08-31,1,CARLOTTA_6_N001,90.55595,11
2022-08-31T08:00:00-00:00,2022-08-31T09:00:00-00:00,2022-08-31,2,CARLOTTA_6_N001,84.82332,11
2022-08-31T09:00:00-00:00,2022-08-31T10:00:00-00:00,2022-08-31,3,CARLOTTA_6_N001,82.41588,11
2022-08-31T10:00:00-00:00,2022-08-31T11:00:00-00:00,2022-08-31,4,CARLOTTA_6_N001,77.01364,11
2022-08-31T11:00:00-00:00,2022-08-31T12:00:00-00:00,2022-08-31,5,CARLOTTA_6_N001,78.64613,11
2022-08-31T12:00:00-00:00,2022-08-31T13:00:00-00:00,2022-08-31,6,CARLOTTA_6_N001,96.44189,11
2022-08-31T13:00:00-00:00,2022-08-31T14:00:00-00:00,2022-08-31,7,CARLOTTA_6_N001,126.1628,11
2022-08-31T14:00:00-00:00,2022-08-31T15:00:00-00:00,2022-08-31,8,CARLOTTA_6_N001,92.88574,11
2022-08-31T15:00:00-00:00,2022-08-31T16:00:00-00:00,2022-08-31,9,CARLOTTA_6_N001,76.51642,11
2022-08-31T16:00:00-00:00,2022-08-31T17:00:00-00:00,2022-08-31,10,CARLOTTA_6_N001,75.13861,11
2022-08-31T17:00:00-00:00,2022-08-31T18:00:00-00:00,2022-08-31,11,CARLOTTA_6_N001,79.09668,11
2022-08-31T18:00:00-00:00,2022-08-31T19:00:00-00:00,2022-08-31,12,CARLOTTA_6_N001,87.55416,11
2022-08-31T19:00:00-00:00,2022-08-31T20:00:00-00:00,2022-08-31,13,CARLOTTA_6_N001,90.99302,11
2022-08-31T20:00:00-00:00,2022-08-31T21:00:00-00:00,2022-08-31,14,CARLOTTA_6_N001,122.85453,11
2022-08-31T21:00:00-00:00,2022-08-31T22:00:00-00:00,2022-08-31,15,CARLOTTA_6_N001,106.76392,11
2022-08-31T22:00:00-00:00,2022-08-31T23:00:00-00:00,2022-08-31,16,CARLOTTA_6_N001,112.41344,11
2022-08-31T23:00:00-00:00,2022-09-01T00:00:00-00:00,2022-08-31,17,CARLOTTA_6_N001,117.76448,11
2022-09-01T00:00:00-00:00,2022-09-01T01:00:00-00:00,2022-08-31,18,CARLOTTA_6_N001,133.23894,11
2022-09-01T01:00:00-00:00,2022-09-01T02:00:00-00:00,2022-08-31,19,CARLOTTA_6_N001,175.838,11
2022-09-01T02:00:00-00:00,2022-09-01T03:00:00-00:00,2022-08-31,20,CARLOTTA_6_N001,167.49306,11
2022-09-01T03:00:00-00:00,2022-09-01T04:00:00-00:00,2022-08-31,21,CARLOTTA_6_N001,117.90213,11
2022-09-01T04:00:00-00:00,2022-09-01T05:00:00-00:00,2022-08-31,22,CARLOTTA_6_N001,106.31179,11
2022-09-01T05:00:00-00:00,2022-09-01T06:00:00-00:00,2022-08-31,23,CARLOTTA_6_N001,113.02841,11
2022-09-01T06:00:00-00:00,2022-09-01T07:00:00-00:00,2022-08-31,24,CARLOTTA_6_N001,99.34912,11
2022-09-01T07:00:00-00:00,2022-09-01T08:00:00-00:00,2022-09-01,1,CARLOTTA_6_N001,94.58777,16
2022-09-01T08:00:00-00:00,2022-09-01T09:00:00-00:00,2022-09-01,2,CARLOTTA_6_N001,101.09617,16
2022-09-01T09:00:00-00:00,2022-09-01T10:00:00-00:00,2022-09-01,3,CARLOTTA_6_N001,93.77556,16
2022-09-01T10:00:00-00:00,2022-09-01T11:00:00-00:00,2022-09-01,4,CARLOTTA_6_N001,123.2894,16
2022-09-01T11:00:00-00:00,2022-09-01T12:00:00-00:00,2022-09-01,5,CARLOTTA_6_N001,93.65552,16
2022-09-01T12:00:00-00:00,2022-09-01T13:00:00-00:00,2022-09-01,6,CARLOTTA_6_N001,101.12867,16
2022-09-01T13:00:00-00:00,2022-09-01T14:00:00-00:00,2022-09-01,7,CARLOTTA_6_N001,110.58487,16
2022-09-01T14:00:00-00:00,2022-09-01T15:00:00-00:00,2022-09-01,8,CARLOTTA_6_N001,138.98859,16
2022-09-01T15:00:00-00:00,2022-09-01T16:00:00-00:00,2022-09-01,9,CARLOTTA_6_N001,92.82045,16
2022-09-01T16:00:00-00:00,2022-09-01T17:00:00-00:00,2022-09-01,10,CARLOTTA_6_N001,103.36231,16
2022-09-01T17:00:00-00:00,2022-09-01T18:00:00-00:00,2022-09-01,11,CARLOTTA_6_N001,91.89892,16
2022-09-01T18:00:00-00:00,2022-09-01T19:00:00-00:00,2022-09-01,12,CARLOTTA_6_N001,136.41682,16
2022-09-01T19:00:00-00:00,2022-09-01T20:00:00-00:00,2022-09-01,13,CARLOTTA_6_N001,105.77838,16
2022-09-01T20:00:00-00:00,2022-09-01T21:00:00-00:00,2022-09-01,14,CARLOTTA_6_N001,128.9518,16
2022-09-01T21:00:00-00:00,2022-09-01T22:00:00-00:00,2022-09-01,15,CARLOTTA_6_N001,137.18439,16
2022-09-01T22:00:00-00:00,2022-09-01T23:00:00-00:00,2022-09-01,16,CARLOTTA_6_N001,144.67316,16
2022-09-01T23:00:00-00:00,2022-09-02T00:00:00-00:00,2022-09-01,17,CARLOTTA_6_N001,173.41483,16
2022-09-02T00:00:00-00:00,2022-09-02T01:00:00-00:00,2022-09-01,18,CARLOTTA_6_N001,213.27455,16
2022-09-02T01:00:00-00:00,2022-09-02T02:00:00-00:00,2022-09-01,19,CARLOTTA_6_N001,382.8274,16
2022-09-02T02:00:00-00:00,2022-09-02T03:00:00-00:00,2022-09-01,20,CARLOTTA_6_N001,396.95804,16
2022-09-02T03:00:00-00:00,2022-09-02T04:00:00-00:00,2022-09-01,21,CARLOTTA_6_N001,241.79309,16
2022-09-02T04:00:00-00:00,2022-09-02T05:00:00-00:00,2022-09-01,22,CARLOTTA_6_N001,154.16342,16
2022-09-02T05:00:00-00:00,2022-09-02T06:00:00-00:00,2022-09-01,23,CARLOTTA_6_N001,132.13226,16
2022-09-02T06:00:00-00:00,2022-09-02T07:00:00-00:00,2022-09-01,24,CARLOTTA_6_N001,106.61143,16
2022-09-02T07:00:00-00:00,2022-09-02T08:00:00-00:00,2022-09-02,1,CARLOTTA_6_N001,107.32506,21
2022-09-02T08:00:00-00:00,2022-09-02T09:00:00-00:00,2022-09-02,2,CARLOTTA_6_N001,102.47424,21
2022-09-02T09:00:00-00:00,2022-09-02T10:00:00-00:00,2022-09-02,3,CARLOTTA_6_N001,95.25075,21
2022-09-02T10:00:00-00:00,2022-09-02T11:00:00-00:00,2022-09-02,4,CARLOTTA_6_N001,90.52676,21
2022-09-02T11:00:00-00:00,2022-09-02T12:00:00-00:00,2022-09-02,5,CARLOTTA_6_N001,91.84671,21
2022-09-02T12:00:00-00:00,2022-09-02T13:00:00-00:00,2022-09-02,6,CARLOTTA_6_N001,96.73127,21
2022-09-02T13:00:00-00:00,2022-09-02T14:00:00-00:00,2022-09-02,7,CARLOTTA_6_N001,151.94511,21
2022-09-02T14:00:00-00:00,2022-09-02T15:00:00-00:00,2022-09-02,8,CARLOTTA_6_N001,110.31246,21
2022-09-02T15:00:00-00:00,2022-09-02T16:00:00-00:00,2022-09-02,9,CARLOTTA_6_N001,96.08947,21
2022-09-02T16:00:00-00:00,2022-09-02T17:00:00-00:00,2022-09-02,10,CARLOTTA_6_N001,101.15662,21
2022-09-02T17:00:00-00:00,2022-09-02T18:00:00-00:00,2022-09-02,11,CARLOTTA_6_N001,105.38446,21
2022-09-02T18:00:00-00:00,2022-09-02T19:00:00-00:00,2022-09-02,12,CARLOTTA_6_N001,106.03274,21
2022-09-02T19:00:00-00:00,2022-09-02T20:00:00-00:00,2022-09-02,13,CARLOTTA_6_N001,102.32994,21
2022-09-02T20:00:00-00:00,2022-09-02T21:00:00-00:00,2022-09-02,14,CARLOTTA_6_N001,133.53629,21
2022-09-02T21:00:00-00:00,2022-09-02T22:00:00-00:00,2022-09-02,15,CARLOTTA_6_N001,137.09462,21
2022-09-02T22:00:00-00:00,2022-09-02T23:00:00-00:00,2022-09-02,16,CARLOTTA_6_N001,168.77179,21
2022-09-02T23:00:00-00:00,2022-09-03T00:00:00-00:00,2022-09-02,17,CARLOTTA_6_N001,198.94485,21
2022-09-03T00:00:00-00:00,2022-09-03T01:00:00-00:00,2022-09-02,18,CARLOTTA_6_N001,272.8892,21
2022-09-03T01:00:00-00:00,2022-09-03T02:00:00-00:00,2022-09-02,19,CARLOTTA_6_N001,512.4597,21
2022-09-03T02:00:00-00:00,2022-09-03T03:00:00-00:00,2022-09-02,20,CARLOTTA_6_N001,475.10913,21
2022-09-03T03:00:00-00:00,2022-09-03T04:00:00-00:00,2022-09-02,21,CARLOTTA_6_N001,246.10573,21
2022-09-03T04:00:00-00:00,2022-09-03T05:00:00-00:00,2022-09-02,22,CARLOTTA_6_N001,169.36855,21
2022-09-03T05:00:00-00:00,2022-09-03T06:00:00-00:00,2022-09-02,23,CARLOTTA_6_N001,125.33688,21
2022-09-03T06:00:00-00:00,2022-09-03T07:00:00-00:00,2022-09-02,24,CARLOTTA_6_N001,112.70864,21
2022-09-03T07:00:00-00:00,2022-09-03T08:00:00-00:00,2022-09-03,1,CARLOTTA_6_N001,99.24111,26
2022-09-03T08:00:00-00:00,2022-09-03T09:00:00-00:00,2022-09-03,2,CARLOTTA_6_N001,90.88428,26
2022-09-03T09:00:00-00:00,2022-09-03T10:00:00-00:00,2022-09-03,3,CARLOTTA_6_N001,88.38354,26
2022-09-03T10:00:00-00:00,2022-09-03T11:00:00-00:00,2022-09-03,4,CARLOTTA_6_N001,85.04503,26
2022-09-03T11:00:00-00:00,2022-09-03T12:00:00-00:00,2022-09-03,5,CARLOTTA_6_N001,81.81235,26
2022-09-03T12:00:00-00:00,2022-09-03T13:00:00-00:00,2022-09-03,6,CARLOTTA_6_N001,87.18905,26
2022-09-03T13:00:00-00:00,2022-09-03T14:00:00-00:00,2022-09-03,7,CARLOTTA_6_N001,82.46998,26
2022-09-03T14:00:00-00:00,2022-09-03T15:00:00-00:00,2022-09-03,8,CARLOTTA_6_N001,74.81095,26
2022-09-03T15:00:00-00:00,2022-09-03T16:00:00-00:00,2022-09-03,9,CARLOTTA_6_N001,57.30678,26
2022-09-03T16:00:00-00:00,2022-09-03T17:00:00-00:00,2022-09-03,10,CARLOTTA_6_N001,64.55496,26
2022-09-03T17:00:00-00:00,2022-09-03T18:00:00-00:00,2022-09-03,11,CARLOTTA_6_N001,72.07492,26
2022-09-03T18:00:00-00:00,2022-09-03T19:00:00-00:00,2022-09-03,12,CARLOTTA_6_N001,71.99203,26
2022-09-03T19:00:00-00:00,2022-09-03T20:00:00-00:00,2022-09-03,13,CARLOTTA_6_N001,-63.48573,26
2022-09-03T20:00:00-00:00,2022-09-03T21:00:00-00:00,2022-09-03,14,CARLOTTA_6_N001,101.43504,26
2022-09-03T21:00:00-00:00,2022-09-03T22:00:00-00:00,2022-09-03,15,CARLOTTA_6_N001,100.43654,26
2022-09-03T22:00:00-00:00,2022-09-03T23:00:00-00:00,2022-09-03,16,CARLOTTA_6_N001,111.43614,26
2022-09-03T23:00:00-00:00,2022-09-04T00:00:00-00:00,2022-09-03,17,CARLOTTA_6_N001,112.41955,26
2022-09-04T00:00:00-00:00,2022-09-04T01:00:00-00:00,2022-09-03,18,CARLOTTA_6_N001,-46.26982,26
2022-09-04T01:00:00-00:00,2022-09-04T02:00:00-00:00,2022-09-03,19,CARLOTTA_6_N001,268.10352,26
2022-09-04T02:00:00-00:00,2022-09-04T03:00:00-00:00,2022-09-03,20,CARLOTTA_6_N001,278.63596,26
2022-09-04T03:00:00-00:00,2022-09-04T04:00:00-00:00,2022-09-03,21,CARLOTTA_6_N001,168.67778,26
2022-09-04T04:00:00-00:00,2022-09-04T05:00:00-00:00,2022-09-03,22,CARLOTTA_6_N001,138.24702,26
2022-09-04T05:00:00-00:00,2022-09-04T06:00:00-00:00,2022-09-03,23,CARLOTTA_6_N001,119.93981,26
2022-09-04T06:00:00-00:00,2022-09-04T07:00:00-00:00,2022-09-03,24,CARLOTTA_6_N001,104.284,26
2022-09-04T07:00:00-00:00,2022-09-04T08:00:00-00:00,2022-09-04,1,CARLOTTA_6_N001,129.85922,31
2022-09-04T08:00:00-00:00,2022-09-04T09:00:00-00:00,2022-09-04,2,CARLOTTA_6_N001,121.9945,31
2022-09-04T09:00:00-00:00,2022-09-04T10:00:00-00:00,2022-09-04,3,CARLOTTA_6_N001,112.41095,31
2022-09-04T10:00:00-00:00,2022-09-04T11:00:00-00:00,2022-09-04,4,CARLOTTA_6_N001,81.81433,31
2022-09-04T11:00:00-00:00,2022-09-04T12:00:00-00:00,2022-09-04,5,CARLOTTA_6_N001,107.20184,31
2022-09-04T12:00:00-00:00,2022-09-04T13:00:00-00:00,2022-09-04,6,CARLOTTA_6_N001,125.14669,31
2022-09-04T13:00:00-00:00,2022-09-04T14:00:00-00:00,2022-09-04,7,CARLOTTA_6_N001,94.71929,31
2022-09-04T14:00:00-00:00,2022-09-04T15:00:00-00:00,2022-09-04,8,CARLOTTA_6_N001,93.95212,31
2022-09-04T15:00:00-00:00,2022-09-04T16:00:00-00:00,2022-09-04,9,CARLOTTA_6_N001,69.53918,31
2022-09-04T16:00:00-00:00,2022-09-04T17:00:00-00:00,2022-09-04,10,CARLOTTA_6_N001,66.7722,31
2022-09-04T17:00:00-00:00,2022-09-04T18:00:00-00:00,2022-09-04,11,CARLOTTA_6_N001,49.3,31
2022-09-04T18:00:00-00:00,2022-09-04T19:00:00-00:00,2022-09-04,12,CARLOTTA_6_N001,87.39503,31
2022-09-04T19:00:00-00:00,2022-09-04T20:00:00-00:00,2022-09-04,13,CARLOTTA_6_N001,109.24416,31
2022-09-04T20:00:00-00:00,2022-09-04T21:00:00-00:00,2022-09-04,14,CARLOTTA_6_N001,80.47,31
2022-09-04T21:00:00-00:00,2022-09-04T22:00:00-00:00,2022-09-04,15,CARLOTTA_6_N001,110.6922,31
2022-09-04T22:00:00-00:00,2022-09-04T23:00:00-00:00,2022-09-04,16,CARLOTTA_6_N001,118.65593,31
2022-09-04T23:00:00-00:00,2022-09-05T00:00:00-00:00,2022-09-04,17,CARLOTTA_6_N001,144.22714,31
2022-09-05T00:00:00-00:00,2022-09-05T01:00:00-00:00,2022-09-04,18,CARLOTTA_6_N001,149.93611,31
2022-09-05T01:00:00-00:00,2022-09-05T02:00:00-00:00,2022-09-04,19,CARLOTTA_6_N001,320.30176,31
2022-09-05T02:00:00-00:00,2022-09-05T03:00:00-00:00,2022-09-04,20,CARLOTTA_6_N001,338.75012,31
2022-09-05T03:00:00-00:00,2022-09-05T04:00:00-00:00,2022-09-04,21,CARLOTTA_6_N001,175.25343,31
2022-09-05T04:00:00-00:00,2022-09-05T05:00:00-00:00,2022-09-04,22,CARLOTTA_6_N001,122.84985,31
2022-09-05T05:00:00-00:00,2022-09-05T06:00:00-00:00,2022-09-04,23,CARLOTTA_6_N001,137.88818,31
2022-09-05T06:00:00-00:00,2022-09-05T07:00:00-00:00,2022-09-04,24,CARLOTTA_6_N001,166.79523,31
2022-09-05T07:00:00-00:00,2022-09-05T08:00:00-00:00,2022-09-05,1,CARLOTTA_6_N001,86.69243,36
2022-09-05T08:00:00-00:00,2022-09-05T09:00:00-00:00,2022-09-05,2,CARLOTTA_6_N001,72.39096,36
2022-09-05T09:00:00-00:00,2022-09-05T10:00:00-00:00,2022-09-05,3,CARLOTTA_6_N001,71.32233,36
2022-09-05T10:00:00-00:00,2022-09-05T11:00:00-00:00,2022-09-05,4,CARLOTTA_6_N001,71.12629,36
2022-09-05T11:00:00-00:00,2022-09-05T12:00:00-00:00,2022-09-05,5,CARLOTTA_6_N001,70.65428,36
2022-09-05T12:00:00-00:00,2022-09-05T13:00:00-00:00,2022-09-05,6,CARLOTTA_6_N001,71.54237,36
2022-09-05T13:00:00-00:00,2022-09-05T14:00:00-00:00,2022-09-05,7,CARLOTTA_6_N001,68.57481,36
2022-09-05T14:00:00-00:00,2022-09-05T15:00:00-00:00,2022-09-05,8,CARLOTTA_6_N001,68.2685,36
2022-09-05T15:00:00-00:00,2022-09-05T16:00:00-00:00,2022-09-05,9,CARLOTTA_6_N001,51.38245,36
2022-09-05T16:00:00-00:00,2022-09-05T17:00:00-00:00,2022-09-05,10,CARLOTTA_6_N001,56.51165,36
2022-09-05T17:00:00-00:00,2022-09-05T18:00:00-00:00,2022-09-05,11,CARLOTTA_6_N001,-13.98263,36
2022-09-05T18:00:00-00:00,2022-09-05T19:00:00-00:00,2022-09-05,12,CARLOTTA_6_N001,86.36719,36
2022-09-05T19:00:00-00:00,2022-09-05T20:00:00-00:00,2022-09-05,13,CARLOTTA_6_N001,84.75717,36
2022-09-05T20:00:00-00:00,2022-09-05T21:00:00-00:00,2022-09-05,14,CARLOTTA_6_N001,93.64719,36
2022-09-05T21:00:00-00:00,2022-09-05T22:00:00-00:00,2022-09-05,15,CARLOTTA_6_N001,126.50485,36
2022-09-05T22:00:00-00:00,2022-09-05T23:00:00-00:00,2022-09-05,16,CARLOTTA_6_N001,168.01237,36
2022-09-05T23:00:00-00:00,2022-09-06T00:00:00-00:00,2022-09-05,17,CARLOTTA_6_N001,199.46948,36
2022-09-06T00:00:00-00:00,2022-09-06T01:00:00-00:00,2022-09-05,18,CARLOTTA_6_N001,312.20648,36
2022-09-06T01:00:00-00:00,2022-09-06T02:00:00-00:00,2022-09-05,19,CARLOTTA_6_N001,653.8655,36
2022-09-06T02:00:00-00:00,2022-09-06T03:00:00-00:00,2022-09-05,20,CARLOTTA_6_N001,661.518,36
2022-09-06T03:00:00-00:00,2022-09-06T04:00:00-00:00,2022-09-05,21,CARLOTTA_6_N001,295.78824,36
2022-09-06T04:00:00-00:00,2022-09-06T05:00:00-00:00,2022-09-05,22,CARLOTTA_6_N001,155.60735,36
2022-09-06T05:00:00-00:00,2022-09-06T06:00:00-00:00,2022-09-05,23,CARLOTTA_6_N001,121.45128,36
2022-09-06T06:00:00-00:00,2022-09-06T07:00:00-00:00,2022-09-05,24,CARLOTTA_6_N001,102.11588,36
2022-09-06T07:00:00-00:00,2022-09-06T08:00:00-00:00,2022-09-06,1,CARLOTTA_6_N001,119.80711,41
2022-09-06T08:00:00-00:00,2022-09-06T09:00:00-00:00,2022-09-06,2,CARLOTTA_6_N001,127.21903,41
2022-09-06T09:00:00-00:00,2022-09-06T10:00:00-00:00,2022-09-06,3,CARLOTTA_6_N001,124.09875,41
2022-09-06T10:00:00-00:00,2022-09-06T11:00:00-00:00,2022-09-06,4,CARLOTTA_6_N001,130.60832,41
2022-09-06T11:00:00-00:00,2022-09-06T12:00:00-00:00,2022-09-06,5,CARLOTTA_6_N001,67.7,41
2022-09-06T12:00:00-00:00,2022-09-06T13:00:00-00:00,2022-09-06,6,CARLOTTA_6_N001,106.41052,41
2022-09-06T13:00:00-00:00,2022-09-06T14:00:00-00:00,2022-09-06,7,CARLOTTA_6_N001,162.7886,41
2022-09-06T14:00:00-00:00,2022-09-06T15:00:00-00:00,2022-09-06,8,CARLOTTA_6_N001,153.89474,41
2022-09-06T15:00:00-00:00,2022-09-06T16:00:00-00:00,2022-09-06,9,CARLOTTA_6_N001,151.92484,41
2022-09-06T16:00:00-00:00,2022-09-06T17:00:00-00:00,2022-09-06,10,CARLOTTA_6_N001,163.08537,41
2022-09-06T17:00:00-00:00,2022-09-06T18:00:00-00:00,2022-09-06,11,CARLOTTA_6_N001,124.70909,41
2022-09-06T18:00:00-00:00,2022-09-06T19:00:00-00:00,2022-09-06,12,CARLOTTA_6_N001,113.96803,41
2022-09-06T19:00:00-00:00,2022-09-06T20:00:00-00:00,2022-09-06,13,CARLOTTA_6_N001,135.76773,41
2022-09-06T20:00:00-00:00,2022-09-06T21:00:00-00:00,2022-09-06,14,CARLOTTA_6_N001,229.5388,41
2022-09-06T21:00:00-00:00,2022-09-06T22:00:00-00:00,2022-09-06,15,CARLOTTA_6_N001,183.26456,41
2022-09-06T22:00:00-00:00,2022-09-06T23:00:00-00:00,2022-09-06,16,CARLOTTA_6_N001,274.71326,41
2022-09-06T23:00:00-00:00,2022-09-07T00:00:00-00:00,2022-09-06,17,CARLOTTA_6_N001,316.47754,41
2022-09-07T00:00:00-00:00,2022-09-07T01:00:00-00:00,2022-09-06,18,CARLOTTA_6_N001,701.4475,41
2022-09-07T01:00:00-00:00,2022-09-07T02:00:00-00:00,2022-09-06,19,CARLOTTA_6_N001,971.9795,41
2022-09-07T02:00:00-00:00,2022-09-07T03:00:00-00:00,2022-09-06,20,CARLOTTA_6_N001,825.5057,41
2022-09-07T03:00:00-00:00,2022-09-07T04:00:00-00:00,2022-09-06,21,CARLOTTA_6_N001,581.3183,41
2022-09-07T04:00:00-00:00,2022-09-07T05:00:00-00:00,2022-09-06,22,CARLOTTA_6_N001,187.43626,41
2022-09-07T05:00:00-00:00,2022-09-07T06:00:00-00:00,2022-09-06,23,CARLOTTA_6_N001,129.89285,41
2022-09-07T06:00:00-00:00,2022-09-07T07:00:00-00:00,2022-09-06,24,CARLOTTA_6_N001,217.90727,41
2022-09-07T07:00:00-00:00,2022-09-07T08:00:00-00:00,2022-09-07,1,CARLOTTA_6_N001,72.01552,46
2022-09-07T08:00:00-00:00,2022-09-07T09:00:00-00:00,2022-09-07,2,CARLOTTA_6_N001,70.27074,46
2022-09-07T09:00:00-00:00,2022-09-07T10:00:00-00:00,2022-09-07,3,CARLOTTA_6_N001,67.67325,46
2022-09-07T10:00:00-00:00,2022-09-07T11:00:00-00:00,2022-09-07,4,CARLOTTA_6_N001,65.91345,46
2022-09-07T11:00:00-00:00,2022-09-07T12:00:00-00:00,2022-09-07,5,CARLOTTA_6_N001,62.82733,46
2022-09-07T12:00:00-00:00,2022-09-07T13:00:00-00:00,2022-09-07,6,CARLOTTA_6_N001,65.92176,46
2022-09-07T13:00:00-00:00,2022-09-07T14:00:00-00:00,2022-09-07,7,CARLOTTA_6_N001,73.21224,46
2022-09-07T14:00:00-00:00,2022-09-07T15:00:00-00:00,2022-09-07,8,CARLOTTA_6_N001,84.2151,46
2022-09-07T15:00:00-00:00,2022-09-07T16:00:00-00:00,2022-09-07,9,CARLOTTA_6_N001,74.20437,46
2022-09-07T16:00:00-00:00,2022-09-07T17:00:00-00:00,2022-09-07,10,CARLOTTA_6_N001,72.97086,46
2022-09-07T17:00:00-00:00,2022-09-07T18:00:00-00:00,2022-09-07,11,CARLOTTA_6_N001,68.31637,46
2022-09-07T18:00:00-00:00,2022-09-07T19:00:00-00:00,2022-09-07,12,CARLOTTA_6_N001,83.58756,46
2022-09-07T19:00:00-00:00,2022-09-07T20:00:00-00:00,2022-09-07,13,CARLOTTA_6_N001,85.7316,46
2022-09-07T20:00:00-00:00,2022-09-07T21:00:00-00:00,2022-09-07,14,CARLOTTA_6_N001,113.12229,46
2022-09-07T21:00:00-00:00,2022-09-07T22:00:00-00:00,2022-09-07,15,CARLOTTA_6_N001,162.95868,46
2022-09-07T22:00:00-00:00,2022-09-07T23:00:00-00:00,2022-09-07,16,CARLOTTA_6_N001,206.26923,46
2022-09-07T23:00:00-00:00,2022-09-08T00:00:00-00:00,2022-09-07,17,CARLOTTA_6_N001,325.93515,46
2022-09-08T00:00:00-00:00,2022-09-08T01:00:00-00:00,2022-09-07,18,CARLOTTA_6_N001,697.6144,46
2022-09-08T01:00:00-00:00,2022-09-08T02:00:00-00:00,2022-09-07,19,CARLOTTA_6_N001,876.41003,46
2022-09-08T02:00:00-00:00,2022-09-08T03:00:00-00:00,2022-09-07,20,CARLOTTA_6_N001,838.25024,46
2022-09-08T03:00:00-00:00,2022-09-08T04:00:00-00:00,2022-09-07,21,CARLOTTA_6_N001,821.3798,46
2022-09-08T04:00:00-00:00,2022-09-08T05:00:00-00:00,2022-09-07,22,CARLOTTA_6_N001,188.6323,46
2022-09-08T05:00:00-00:00,2022-09-08T06:00:00-00:00,2022-09-07,23,CARLOTTA_6_N001,110.79583,46
2022-09-08T06:00:00-00:00,2022-09-08T07:00:00-00:00,2022-09-07,24,CARLOTTA_6_N001,101.08546,46
2022-09-08T07:00:00-00:00,2022-09-08T08:00:00-00:00,2022-09-08,1,CARLOTTA_6_N001,88.42057,51
2022-09-08T08:00:00-00:00,2022-09-08T09:00:00-00:00,2022-09-08,2,CARLOTTA_6_N001,79.54842,51
2022-09-08T09:00:00-00:00,2022-09-08T10:00:00-00:00,2022-09-08,3,CARLOTTA_6_N001,73.11055,51
2022-09-08T10:00:00-00:00,2022-09-08T11:00:00-00:00,2022-09-08,4,CARLOTTA_6_N001,88.69265,51
2022-09-08T11:00:00-00:00,2022-09-08T12:00:00-00:00,2022-09-08,5,CARLOTTA_6_N001,122.67805,51
2022-09-08T12:00:00-00:00,2022-09-08T13:00:00-00:00,2022-09-08,6,CARLOTTA_6_N001,99.64923,51
2022-09-08T13:00:00-00:00,2022-09-08T14:00:00-00:00,2022-09-08,7,CARLOTTA_6_N001,118.55494,51
2022-09-08T14:00:00-00:00,2022-09-08T15:00:00-00:00,2022-09-08,8,CARLOTTA_6_N001,116.50546,51
2022-09-08T15:00:00-00:00,2022-09-08T16:00:00-00:00,2022-09-08,9,CARLOTTA_6_N001,78.97093,51
2022-09-08T16:00:00-00:00,2022-09-08T17:00:00-00:00,2022-09-08,10,CARLOTTA_6_N001,71.27879,51
2022-09-08T17:00:00-00:00,2022-09-08T18:00:00-00:00,2022-09-08,11,CARLOTTA_6_N001,83.75061,51
2022-09-08T18:00:00-00:00,2022-09-08T19:00:00-00:00,2022-09-08,12,CARLOTTA_6_N001,96.37822,51
2022-09-08T19:00:00-00:00,2022-09-08T20:00:00-00:00,2022-09-08,13,CARLOTTA_6_N001,110.17337,51
2022-09-08T20:00:00-00:00,2022-09-08T21:00:00-00:00,2022-09-08,14,CARLOTTA_6_N001,152.53772,51
2022-09-08T21:00:00-00:00,2022-09-08T22:00:00-00:00,2022-09-08,15,CARLOTTA_6_N001,212.99496,51
2022-09-08T22:00:00-00:00,2022-09-08T23:00:00-00:00,2022-09-08,16,CARLOTTA_6_N001,350.9778,51
2022-09-08T23:00:00-00:00,2022-09-09T00:00:00-00:00,2022-09-08,17,CARLOTTA_6_N001,517.4012,51
2022-09-09T00:00:00-00:00,2022-09-09T01:00:00-00:00,2022-09-08,18,CARLOTTA_6_N001,1227.1263,51
2022-09-09T01:00:00-00:00,2022-09-09T02:00:00-00:00,2022-09-08,19,CARLOTTA_6_N001,638.7195,51
2022-09-09T02:00:00-00:00,2022-09-09T03:00:00-00:00,2022-09-08,20,CARLOTTA_6_N001,1662.6766,51
2022-09-09T03:00:00-00:00,2022-09-09T04:00:00-00:00,2022-09-08,21,CARLOTTA_6_N001,520.73413,51
2022-09-09T04:00:00-00:00,2022-09-09T05:00:00-00:00,2022-09-08,22,CARLOTTA_6_N001,184.1866,51
2022-09-09T05:00:00-00:00,2022-09-09T06:00:00-00:00,2022-09-08,23,CARLOTTA_6_N001,112.09023,51
2022-09-09T06:00:00-00:00,2022-09-09T07:00:00-00:00,2022-09-08,24,CARLOTTA_6_N001,155.21803,51
2022-09-09T07:00:00-00:00,2022-09-09T08:00:00-00:00,2022-09-09,1,CARLOTTA_6_N001,76.10169,56
2022-09-09T08:00:00-00:00,2022-09-09T09:00:00-00:00,2022-09-09,2,CARLOTTA_6_N001,66.72041,56
2022-09-09T09:00:00-00:00,2022-09-09T10:00:00-00:00,2022-09-09,3,CARLOTTA_6_N001,63.39066,56
2022-09-09T10:00:00-00:00,2022-09-09T11:00:00-00:00,2022-09-09,4,CARLOTTA_6_N001,59.09113,56
2022-09-09T11:00:00-00:00,2022-09-09T12:00:00-00:00,2022-09-09,5,CARLOTTA_6_N001,58.79936,56
2022-09-09T12:00:00-00:00,2022-09-09T13:00:00-00:00,2022-09-09,6,CARLOTTA_6_N001,63.82203,56
2022-09-09T13:00:00-00:00,2022-09-09T14:00:00-00:00,2022-09-09,7,CARLOTTA_6_N001,71.32735,56
2022-09-09T14:00:00-00:00,2022-09-09T15:00:00-00:00,2022-09-09,8,CARLOTTA_6_N001,74.10312,56
2022-09-09T15:00:00-00:00,2022-09-09T16:00:00-00:00,2022-09-09,9,CARLOTTA_6_N001,68.55269,56
2022-09-09T16:00:00-00:00,2022-09-09T17:00:00-00:00,2022-09-09,10,CARLOTTA_6_N001,68.38339,56
2022-09-09T17:00:00-00:00,2022-09-09T18:00:00-00:00,2022-09-09,11,CARLOTTA_6_N001,73.76441,56
2022-09-09T18:00:00-00:00,2022-09-09T19:00:00-00:00,2022-09-09,12,CARLOTTA_6_N001,107.98451,56
2022-09-09T19:00:00-00:00,2022-09-09T20:00:00-00:00,2022-09-09,13,CARLOTTA_6_N001,77.20597,56
2022-09-09T20:00:00-00:00,2022-09-09T21:00:00-00:00,2022-09-09,14,CARLOTTA_6_N001,99.31042,56
2022-09-09T21:00:00-00:00,2022-09-09T22:00:00-00:00,2022-09-09,15,CARLOTTA_6_N001,114.4807,56
2022-09-09T22:00:00-00:00,2022-09-09T23:00:00-00:00,2022-09-09,16,CARLOTTA_6_N001,153.27802,56
2022-09-09T23:00:00-00:00,2022-09-10T00:00:00-00:00,2022-09-09,17,CARLOTTA_6_N001,249.94743,56
2022-09-10T00:00:00-00:00,2022-09-10T01:00:00-00:00,2022-09-09,18,CARLOTTA_6_N001,347.04407,56
2022-09-10T01:00:00-00:00,2022-09-10T02:00:00-00:00,2022-09-09,19,CARLOTTA_6_N001,215.40141,56
2022-09-10T02:00:00-00:00,2022-09-10T03:00:00-00:00,2022-09-09,20,CARLOTTA_6_N001,171.212,56
2022-09-10T03:00:00-00:00,2022-09-10T04:00:00-00:00,2022-09-09,21,CARLOTTA_6_N001,130.44788,56
2022-09-10T04:00:00-00:00,2022-09-10T05:00:00-00:00,2022-09-09,22,CARLOTTA_6_N001,107.77038,56
2022-09-10T05:00:00-00:00,2022-09-10T06:00:00-00:00,2022-09-09,23,CARLOTTA_6_N001,88.70204,56
2022-09-10T06:00:00-00:00,2022-09-10T07:00:00-00:00,2022-09-09,24,CARLOTTA_6_N001,79.33745,56
2022-09-10T07:00:00-00:00,2022-09-10T08:00:00-00:00,2022-09-10,1,CARLOTTA_6_N001,86.62341,61
2022-09-10T08:00:00-00:00,2022-09-10T09:00:00-00:00,2022-09-10,2,CARLOTTA_6_N001,71.9366,61
2022-09-10T09:00:00-00:00,2022-09-10T10:00:00-00:00,2022-09-10,3,CARLOTTA_6_N001,67.94355,61
2022-09-10T10:00:00-00:00,2022-09-10T11:00:00-00:00,2022-09-10,4,CARLOTTA_6_N001,66.77521,61
2022-09-10T11:00:00-00:00,2022-09-10T12:00:00-00:00,2022-09-10,5,CARLOTTA_6_N001,66.95081,61
2022-09-10T12:00:00-00:00,2022-09-10T13:00:00-00:00,2022-09-10,6,CARLOTTA_6_N001,67.54011,61
2022-09-10T13:00:00-00:00,2022-09-10T14:00:00-00:00,2022-09-10,7,CARLOTTA_6_N001,62.7261,61
2022-09-10T14:00:00-00:00,2022-09-10T15:00:00-00:00,2022-09-10,8,CARLOTTA_6_N001,57.88527,61
2022-09-10T15:00:00-00:00,2022-09-10T16:00:00-00:00,2022-09-10,9,CARLOTTA_6_N001,58.05366,61
2022-09-10T16:00:00-00:00,2022-09-10T17:00:00-00:00,2022-09-10,10,CARLOTTA_6_N001,56.02849,61
2022-09-10T17:00:00-00:00,2022-09-10T18:00:00-00:00,2022-09-10,11,CARLOTTA_6_N001,56.11939,61
2022-09-10T18:00:00-00:00,2022-09-10T19:00:00-00:00,2022-09-10,12,CARLOTTA_6_N001,55.58789,61
2022-09-10T19:00:00-00:00,2022-09-10T20:00:00-00:00,2022-09-10,13,CARLOTTA_6_N001,56.64086,61
2022-09-10T20:00:00-00:00,2022-09-10T21:00:00-00:00,2022-09-10,14,CARLOTTA_6_N001,82.0023,61
2022-09-10T21:00:00-00:00,2022-09-10T22:00:00-00:00,2022-09-10,15,CARLOTTA_6_N001,104.11059,61
2022-09-10T22:00:00-00:00,2022-09-10T23:00:00-00:00,2022-09-10,16,CARLOTTA_6_N001,113.35903,61
2022-09-10T23:00:00-00:00,2022-09-11T00:00:00-00:00,2022-09-10,17,CARLOTTA_6_N001,83.94121,61
2022-09-11T00:00:00-00:00,2022-09-11T01:00:00-00:00,2022-09-10,18,CARLOTTA_6_N001,107.79157,61
2022-09-11T01:00:00-00:00,2022-09-11T02:00:00-00:00,2022-09-10,19,CARLOTTA_6_N001,117.8686,61
2022-09-11T02:00:00-00:00,2022-09-11T03:00:00-00:00,2022-09-10,20,CARLOTTA_6_N001,107.7681,61
2022-09-11T03:00:00-00:00,2022-09-11T04:00:00-00:00,2022-09-10,21,CARLOTTA_6_N001,121.55467,61
2022-09-11T04:00:00-00:00,2022-09-11T05:00:00-00:00,2022-09-10,22,CARLOTTA_6_N001,138.65459,61
2022-09-11T05:00:00-00:00,2022-09-11T06:00:00-00:00,2022-09-10,23,CARLOTTA_6_N001,117.52061,61
2022-09-11T06:00:00-00:00,2022-09-11T07:00:00-00:00,2022-09-10,24,CARLOTTA_6_N001,89.74489,61
2022-09-11T07:00:00-00:00,2022-09-11T08:00:00-00:00,2022-09-11,1,CARLOTTA_6_N001,69.37617,66
2022-09-11T08:00:00-00:00,2022-09-11T09:00:00-00:00,2022-09-11,2,CARLOTTA_6_N001,79.87175,66
2022-09-11T09:00:00-00:00,2022-09-11T10:00:00-00:00,2022-09-11,3,CARLOTTA_6_N001,77.52981,66
2022-09-11T10:00:00-00:00,2022-09-11T11:00:00-00:00,2022-09-11,4,CARLOTTA_6_N001,74.78007,66
2022-09-11T11:00:00-00:00,2022-09-11T12:00:00-00:00,2022-09-11,5,CARLOTTA_6_N001,73.92075,66
2022-09-11T12:00:00-00:00,2022-09-11T13:00:00-00:00,2022-09-11,6,CARLOTTA_6_N001,74.39232,66
2022-09-11T13:00:00-00:00,2022-09-11T14:00:00-00:00,2022-09-11,7,CARLOTTA_6_N001,72.07106,66
2022-09-11T14:00:00-00:00,2022-09-11T15:00:00-00:00,2022-09-11,8,CARLOTTA_6_N001,81.44702,66
2022-09-11T15:00:00-00:00,2022-09-11T16:00:00-00:00,2022-09-11,9,CARLOTTA_6_N001,68.16808,66
2022-09-11T16:00:00-00:00,2022-09-11T17:00:00-00:00,2022-09-11,10,CARLOTTA_6_N001,62.64796,66
2022-09-11T17:00:00-00:00,2022-09-11T18:00:00-00:00,2022-09-11,11,CARLOTTA_6_N001,61.1363,66
2022-09-11T18:00:00-00:00,2022-09-11T19:00:00-00:00,2022-09-11,12,CARLOTTA_6_N001,64.16205,66
2022-09-11T19:00:00-00:00,2022-09-11T20:00:00-00:00,2022-09-11,13,CARLOTTA_6_N001,61.27547,66
2022-09-11T20:00:00-00:00,2022-09-11T21:00:00-00:00,2022-09-11,14,CARLOTTA_6_N001,63.14188,66
2022-09-11T21:00:00-00:00,2022-09-11T22:00:00-00:00,2022-09-11,15,CARLOTTA_6_N001,70.32033,66
2022-09-11T22:00:00-00:00,2022-09-11T23:00:00-00:00,2022-09-11,16,CARLOTTA_6_N001,74.37875,66
2022-09-11T23:00:00-00:00,2022-09-12T00:00:00-00:00,2022-09-11,17,CARLOTTA_6_N001,229.43764,66
2022-09-12T00:00:00-00:00,2022-09-12T01:00:00-00:00,2022-09-11,18,CARLOTTA_6_N001,111.94297,66
2022-09-12T01:00:00-00:00,2022-09-12T02:00:00-00:00,2022-09-11,19,CARLOTTA_6_N001,260.68634,66
2022-09-12T02:00:00-00:00,2022-09-12T03:00:00-00:00,2022-09-11,20,CARLOTTA_6_N001,123.62445,66
2022-09-12T03:00:00-00:00,2022-09-12T04:00:00-00:00,2022-09-11,21,CARLOTTA_6_N001,201.64764,66
2022-09-12T04:00:00-00:00,2022-09-12T05:00:00-00:00,2022-09-11,22,CARLOTTA_6_N001,113.2696,66
2022-09-12T05:00:00-00:00,2022-09-12T06:00:00-00:00,2022-09-11,23,CARLOTTA_6_N001,91.2233,66
2022-09-12T06:00:00-00:00,2022-09-12T07:00:00-00:00,2022-09-11,24,CARLOTTA_6_N001,88.32978,66
2022-09-12T07:00:00-00:00,2022-09-12T08:00:00-00:00,2022-09-12,1,CARLOTTA_6_N001,90.70421,71
2022-09-12T08:00:00-00:00,2022-09-12T09:00:00-00:00,2022-09-12,2,CARLOTTA_6_N001,79.23401,71
2022-09-12T09:00:00-00:00,2022-09-12T10:00:00-00:00,2022-09-12,3,CARLOTTA_6_N001,77.99338,71
2022-09-12T10:00:00-00:00,2022-09-12T11:00:00-00:00,2022-09-12,4,CARLOTTA_6_N001,77.90459,71
2022-09-12T11:00:00-00:00,2022-09-12T12:00:00-00:00,2022-09-12,5,CARLOTTA_6_N001,80.39269,71
2022-09-12T12:00:00-00:00,2022-09-12T13:00:00-00:00,2022-09-12,6,CARLOTTA_6_N001,84.85495,71
2022-09-12T13:00:00-00:00,2022-09-12T14:00:00-00:00,2022-09-12,7,CARLOTTA_6_N001,56.73757,71
2022-09-12T14:00:00-00:00,2022-09-12T15:00:00-00:00,2022-09-12,8,CARLOTTA_6_N001,63.52433,71
2022-09-12T15:00:00-00:00,2022-09-12T16:00:00-00:00,2022-09-12,9,CARLOTTA_6_N001,67.96938,71
2022-09-12T16:00:00-00:00,2022-09-12T17:00:00-00:00,2022-09-12,10,CARLOTTA_6_N001,73.09101,71
2022-09-12T17:00:00-00:00,2022-09-12T18:00:00-00:00,2022-09-12,11,CARLOTTA_6_N001,73.89019,71
2022-09-12T18:00:00-00:00,2022-09-12T19:00:00-00:00,2022-09-12,12,CARLOTTA_6_N001,55.53415,71
2022-09-12T19:00:00-00:00,2022-09-12T20:00:00-00:00,2022-09-12,13,CARLOTTA_6_N001,58.64684,71
2022-09-12T20:00:00-00:00,2022-09-12T21:00:00-00:00,2022-09-12,14,CARLOTTA_6_N001,63.1775,71
2022-09-12T21:00:00-00:00,2022-09-12T22:00:00-00:00,2022-09-12,15,CARLOTTA_6_N001,76.54489,71
2022-09-12T22:00:00-00:00,2022-09-12T23:00:00-00:00,2022-09-12,16,CARLOTTA_6_N001,72.82387,71
2022-09-12T23:00:00-00:00,2022-09-13T00:00:00-00:00,2022-09-12,17,CARLOTTA_6_N001,86.33991,71
2022-09-13T00:00:00-00:00,2022-09-13T01:00:00-00:00,2022-09-12,18,CARLOTTA_6_N001,110.73044,71
2022-09-13T01:00:00-00:00,2022-09-13T02:00:00-00:00,2022-09-12,19,CARLOTTA_6_N001,108.43892,71
2022-09-13T02:00:00-00:00,2022-09-13T03:00:00-00:00,2022-09-12,20,CARLOTTA_6_N001,104.81505,71
2022-09-13T03:00:00-00:00,2022-09-13T04:00:00-00:00,2022-09-12,21,CARLOTTA_6_N001,120.15448,71
2022-09-13T04:00:00-00:00,2022-09-13T05:00:00-00:00,2022-09-12,22,CARLOTTA_6_N001,126.09953,71
2022-09-13T05:00:00-00:00,2022-09-13T06:00:00-00:00,2022-09-12,23,CARLOTTA_6_N001,116.71086,71
2022-09-13T06:00:00-00:00,2022-09-13T07:00:00-00:00,2022-09-12,24,CARLOTTA_6_N001,91.78094,71
2022-09-13T07:00:00-00:00,2022-09-13T08:00:00-00:00,2022-09-13,1,CARLOTTA_6_N001,78.51421,76
2022-09-13T08:00:00-00:00,2022-09-13T09:00:00-00:00,2022-09-13,2,CARLOTTA_6_N001,80.75941,76
2022-09-13T09:00:00-00:00,2022-09-13T10:00:00-00:00,2022-09-13,3,CARLOTTA_6_N001,77.25277,76
2022-09-13T10:00:00-00:00,2022-09-13T11:00:00-00:00,2022-09-13,4,CARLOTTA_6_N001,77.15508,76
2022-09-13T11:00:00-00:00,2022-09-13T12:00:00-00:00,2022-09-13,5,CARLOTTA_6_N001,77.49183,76
2022-09-13T12:00:00-00:00,2022-09-13T13:00:00-00:00,2022-09-13,6,CARLOTTA_6_N001,86.55016,76
2022-09-13T13:00:00-00:00,2022-09-13T14:00:00-00:00,2022-09-13,7,CARLOTTA_6_N001,104.80569,76
2022-09-13T14:00:00-00:00,2022-09-13T15:00:00-00:00,2022-09-13,8,CARLOTTA_6_N001,108.21692,76
2022-09-13T15:00:00-00:00,2022-09-13T16:00:00-00:00,2022-09-13,9,CARLOTTA_6_N001,76.11887,76
2022-09-13T16:00:00-00:00,2022-09-13T17:00:00-00:00,2022-09-13,10,CARLOTTA_6_N001,69.56817,76
2022-09-13T17:00:00-00:00,2022-09-13T18:00:00-00:00,2022-09-13,11,CARLOTTA_6_N001,71.14802,76
2022-09-13T18:00:00-00:00,2022-09-13T19:00:00-00:00,2022-09-13,12,CARLOTTA_6_N001,73.69086,76
2022-09-13T19:00:00-00:00,2022-09-13T20:00:00-00:00,2022-09-13,13,CARLOTTA_6_N001,73.04437,76
2022-09-13T20:00:00-00:00,2022-09-13T21:00:00-00:00,2022-09-13,14,CARLOTTA_6_N001,87.53379,76
2022-09-13T21:00:00-00:00,2022-09-13T22:00:00-00:00,2022-09-13,15,CARLOTTA_6_N001,85.17314,76
2022-09-13T22:00:00-00:00,2022-09-13T23:00:00-00:00,2022-09-13,16,CARLOTTA_6_N001,101.22884,76
2022-09-13T23:00:00-00:00,2022-09-14T00:00:00-00:00,2022-09-13,17,CARLOTTA_6_N001,85.66852,76
2022-09-14T00:00:00-00:00,2022-09-14T01:00:00-00:00,2022-09-13,18,CARLOTTA_6_N001,85.46601,76
2022-09-14T01:00:00-00:00,2022-09-14T02:00:00-00:00,2022-09-13,19,CARLOTTA_6_N001,95.06718,76
2022-09-14T02:00:00-00:00,2022-09-14T03:00:00-00:00,2022-09-13,20,CARLOTTA_6_N001,90.95476,76
2022-09-14T03:00:00-00:00,2022-09-14T04:00:00-00:00,2022-09-13,21,CARLOTTA_6_N001,87.04294,76
2022-09-14T04:00:00-00:00,2022-09-14T05:00:00-00:00,2022-09-13,22,CARLOTTA_6_N001,82.93386,76
2022-09-14T05:00:00-00:00,2022-09-14T06:00:00-00:00,2022-09-13,23,CARLOTTA_6_N001,88.05619,76
2022-09-14T06:00:00-00:00,2022-09-14T07:00:00-00:00,2022-09-13,24,CARLOTTA_6_N001,85.76263,76
2022-09-14T07:00:00-00:00,2022-09-14T08:00:00-00:00,2022-09-14,1,CARLOTTA_6_N001,81.73116,81
2022-09-14T08:00:00-00:00,2022-09-14T09:00:00-00:00,2022-09-14,2,CARLOTTA_6_N001,77.02934,81
2022-09-14T09:00:00-00:00,2022-09-14T10:00:00-00:00,2022-09-14,3,CARLOTTA_6_N001,73.63973,81
2022-09-14T10:00:00-00:00,2022-09-14T11:00:00-00:00,2022-09-14,4,CARLOTTA_6_N001,75.6596,81
2022-09-14T11:00:00-00:00,2022-09-14T12:00:00-00:00,2022-09-14,5,CARLOTTA_6_N001,75.17414,81
2022-09-14T12:00:00-00:00,2022-09-14T13:00:00-00:00,2022-09-14,6,CARLOTTA_6_N001,89.24965,81
2022-09-14T13:00:00-00:00,2022-09-14T14:00:00-00:00,2022-09-14,7,CARLOTTA_6_N001,98.16269,81
2022-09-14T14:00:00-00:00,2022-09-14T15:00:00-00:00,2022-09-14,8,CARLOTTA_6_N001,85.9252,81
2022-09-14T15:00:00-00:00,2022-09-14T16:00:00-00:00,2022-09-14,9,CARLOTTA_6_N001,72.01349,81
2022-09-14T16:00:00-00:00,2022-09-14T17:00:00-00:00,2022-09-14,10,CARLOTTA_6_N001,65.26978,81
2022-09-14T17:00:00-00:00,2022-09-14T18:00:00-00:00,2022-09-14,11,CARLOTTA_6_N001,60.34967,81
2022-09-14T18:00:00-00:00,2022-09-14T19:00:00-00:00,2022-09-14,12,CARLOTTA_6_N001,64.40968,81
2022-09-14T19:00:00-00:00,2022-09-14T20:00:00-00:00,2022-09-14,13,CARLOTTA_6_N001,66.79756,81
2022-09-14T20:00:00-00:00,2022-09-14T21:00:00-00:00,2022-09-14,14,CARLOTTA_6_N001,81.83116,81
2022-09-14T21:00:00-00:00,2022-09-14T22:00:00-00:00,2022-09-14,15,CARLOTTA_6_N001,72.43155,81
2022-09-14T22:00:00-00:00,2022-09-14T23:00:00-00:00,2022-09-14,16,CARLOTTA_6_N001,85.00752,81
2022-09-14T23:00:00-00:00,2022-09-15T00:00:00-00:00,2022-09-14,17,CARLOTTA_6_N001,77.06358,81
2022-09-15T00:00:00-00:00,2022-09-15T01:00:00-00:00,2022-09-14,18,CARLOTTA_6_N001,88.3212,81
2022-09-15T01:00:00-00:00,2022-09-15T02:00:00-00:00,2022-09-14,19,CARLOTTA_6_N001,105.53474,81
2022-09-15T02:00:00-00:00,2022-09-15T03:00:00-00:00,2022-09-14,20,CARLOTTA_6_N001,107.0085,81
2022-09-15T03:00:00-00:00,2022-09-15T04:00:00-00:00,2022-09-14,21,CARLOTTA_6_N001,99.81978,81
2022-09-15T04:00:00-00:00,2022-09-15T05:00:00-00:00,2022-09-14,22,CARLOTTA_6_N001,97.3761,81
2022-09-15T05:00:00-00:00,2022-09-15T06:00:00-00:00,2022-09-14,23,CARLOTTA_6_N001,86.35912,81
2022-09-15T06:00:00-00:00,2022-09-15T07:00:00-00:00,2022-09-14,24,CARLOTTA_6_N001,82.02026,81
2022-09-15T07:00:00-00:00,2022-09-15T08:00:00-00:00,2022-09-15,1,CARLOTTA_6_N001,77.1821,86
2022-09-15T08:00:00-00:00,2022-09-15T09:00:00-00:00,2022-09-15,2,CARLOTTA_6_N001,80.69322,86
2022-09-15T09:00:00-00:00,2022-09-15T10:00:00-00:00,2022-09-15,3,CARLOTTA_6_N001,68.86175,86
2022-09-15T10:00:00-00:00,2022-09-15T11:00:00-00:00,2022-09-15,4,CARLOTTA_6_N001,69.90506,86
2022-09-15T11:00:00-00:00,2022-09-15T12:00:00-00:00,2022-09-15,5,CARLOTTA_6_N001,67.68305,86
2022-09-15T12:00:00-00:00,2022-09-15T13:00:00-00:00,2022-09-15,6,CARLOTTA_6_N001,76.29067,86
2022-09-15T13:00:00-00:00,2022-09-15T14:00:00-00:00,2022-09-15,7,CARLOTTA_6_N001,87.78449,86
2022-09-15T14:00:00-00:00,2022-09-15T15:00:00-00:00,2022-09-15,8,CARLOTTA_6_N001,78.41107,86
2022-09-15T15:00:00-00:00,2022-09-15T16:00:00-00:00,2022-09-15,9,CARLOTTA_6_N001,69.67628,86
2022-09-15T16:00:00-00:00,2022-09-15T17:00:00-00:00,2022-09-15,10,CARLOTTA_6_N001,65.75894,86
2022-09-15T17:00:00-00:00,2022-09-15T18:00:00-00:00,2022-09-15,11,CARLOTTA_6_N001,62.48862,86
2022-09-15T18:00:00-00:00,2022-09-15T19:00:00-00:00,2022-09-15,12,CARLOTTA_6_N001,67.09553,86
2022-09-15T19:00:00-00:00,2022-09-15T20:00:00-00:00,2022-09-15,13,CARLOTTA_6_N001,65.21361,86
2022-09-15T20:00:00-00:00,2022-09-15T21:00:00-00:00,2022-09-15,14,CARLOTTA_6_N001,72.94962,86
2022-09-15T21:00:00-00:00,2022-09-15T22:00:00-00:00,2022-09-15,15,CARLOTTA_6_N001,76.53824,86
2022-09-15T22:00:00-00:00,2022-09-15T23:00:00-00:00,2022-09-15,16,CARLOTTA_6_N001,77.51376,86
2022-09-15T23:00:00-00:00,2022-09-16T00:00:00-00:00,2022-09-15,17,CARLOTTA_6_N001,74.80364,86
2022-09-16T00:00:00-00:00,2022-09-16T01:00:00-00:00,2022-09-15,18,CARLOTTA_6_N001,94.31325,86
2022-09-16T01:00:00-00:00,2022-09-16T02:00:00-00:00,2022-09-15,19,CARLOTTA_6_N001,104.95557,86
2022-09-16T02:00:00-00:00,2022-09-16T03:00:00-00:00,2022-09-15,20,CARLOTTA_6_N001,104.29866,86
2022-09-16T03:00:00-00:00,2022-09-16T04:00:00-00:00,2022-09-15,21,CARLOTTA_6_N001,96.82529,86
2022-09-16T04:00:00-00:00,2022-09-16T05:00:00-00:00,2022-09-15,22,CARLOTTA_6_N001,96.11096,86
2022-09-16T05:00:00-00:00,2022-09-16T06:00:00-00:00,2022-09-15,23,CARLOTTA_6_N001,85.4264,86
2022-09-16T06:00:00-00:00,2022-09-16T07:00:00-00:00,2022-09-15,24,CARLOTTA_6_N001,78.14722,86
2022-09-16T07:00:00-00:00,2022-09-16T08:00:00-00:00,2022-09-16,1,CARLOTTA_6_N001,71.87801,91
2022-09-16T08:00:00-00:00,2022-09-16T09:00:00-00:00,2022-09-16,2,CARLOTTA_6_N001,73.54169,91
2022-09-16T09:00:00-00:00,2022-09-16T10:00:00-00:00,2022-09-16,3,CARLOTTA_6_N001,69.96276,91
2022-09-16T10:00:00-00:00,2022-09-16T11:00:00-00:00,2022-09-16,4,CARLOTTA_6_N001,69.95337,91
2022-09-16T11:00:00-00:00,2022-09-16T12:00:00-00:00,2022-09-16,5,CARLOTTA_6_N001,66.42248,91
2022-09-16T12:00:00-00:00,2022-09-16T13:00:00-00:00,2022-09-16,6,CARLOTTA_6_N001,78.13302,91
2022-09-16T13:00:00-00:00,2022-09-16T14:00:00-00:00,2022-09-16,7,CARLOTTA_6_N001,87.45868,91
2022-09-16T14:00:00-00:00,2022-09-16T15:00:00-00:00,2022-09-16,8,CARLOTTA_6_N001,81.55629,91
2022-09-16T15:00:00-00:00,2022-09-16T16:00:00-00:00,2022-09-16,9,CARLOTTA_6_N001,69.33696,91
2022-09-16T16:00:00-00:00,2022-09-16T17:00:00-00:00,2022-09-16,10,CARLOTTA_6_N001,58.67395,91
2022-09-16T17:00:00-00:00,2022-09-16T18:00:00-00:00,2022-09-16,11,CARLOTTA_6_N001,49.88738,91
2022-09-16T18:00:00-00:00,2022-09-16T19:00:00-00:00,2022-09-16,12,CARLOTTA_6_N001,46.51653,91
2022-09-16T19:00:00-00:00,2022-09-16T20:00:00-00:00,2022-09-16,13,CARLOTTA_6_N001,49.66824,91
2022-09-16T20:00:00-00:00,2022-09-16T21:00:00-00:00,2022-09-16,14,CARLOTTA_6_N001,58.13595,91
2022-09-16T21:00:00-00:00,2022-09-16T22:00:00-00:00,2022-09-16,15,CARLOTTA_6_N001,59.4789,91
2022-09-16T22:00:00-00:00,2022-09-16T23:00:00-00:00,2022-09-16,16,CARLOTTA_6_N001,63.74754,91
2022-09-16T23:00:00-00:00,2022-09-17T00:00:00-00:00,2022-09-16,17,CARLOTTA_6_N001,66.10969,91
2022-09-17T00:00:00-00:00,2022-09-17T01:00:00-00:00,2022-09-16,18,CARLOTTA_6_N001,68.43142,91
2022-09-17T01:00:00-00:00,2022-09-17T02:00:00-00:00,2022-09-16,19,CARLOTTA_6_N001,86.4126,91
2022-09-17T02:00:00-00:00,2022-09-17T03:00:00-00:00,2022-09-16,20,CARLOTTA_6_N001,81.0193,91
2022-09-17T03:00:00-00:00,2022-09-17T04:00:00-00:00,2022-09-16,21,CARLOTTA_6_N001,75.54497,91
2022-09-17T04:00:00-00:00,2022-09-17T05:00:00-00:00,2022-09-16,22,CARLOTTA_6_N001,73.6905,91
2022-09-17T05:00:00-00:00,2022-09-17T06:00:00-00:00,2022-09-16,23,CARLOTTA_6_N001,71.80281,91
2022-09-17T06:00:00-00:00,2022-09-17T07:00:00-00:00,2022-09-16,24,CARLOTTA_6_N001,67.16796,91
2022-09-17T07:00:00-00:00,2022-09-17T08:00:00-00:00,2022-09-17,1,CARLOTTA_6_N001,72.221,96
2022-09-17T08:00:00-00:00,2022-09-17T09:00:00-00:00,2022-09-17,2,CARLOTTA_6_N001,68.71889,96
2022-09-17T09:00:00-00:00,2022-09-17T10:00:00-00:00,2022-09-17,3,CARLOTTA_6_N001,64.6378,96
2022-09-17T10:00:00-00:00,2022-09-17T11:00:00-00:00,2022-09-17,4,CARLOTTA_6_N001,61.74219,96
2022-09-17T11:00:00-00:00,2022-09-17T12:00:00-00:00,2022-09-17,5,CARLOTTA_6_N001,63.68976,96
2022-09-17T12:00:00-00:00,2022-09-17T13:00:00-00:00,2022-09-17,6,CARLOTTA_6_N001,70.68652,96
2022-09-17T13:00:00-00:00,2022-09-17T14:00:00-00:00,2022-09-17,7,CARLOTTA_6_N001,68.94697,96
2022-09-17T14:00:00-00:00,2022-09-17T15:00:00-00:00,2022-09-17,8,CARLOTTA_6_N001,67.46248,96
2022-09-17T15:00:00-00:00,2022-09-17T16:00:00-00:00,2022-09-17,9,CARLOTTA_6_N001,56.28676,96
2022-09-17T16:00:00-00:00,2022-09-17T17:00:00-00:00,2022-09-17,10,CARLOTTA_6_N001,45.54527,96
2022-09-17T17:00:00-00:00,2022-09-17T18:00:00-00:00,2022-09-17,11,CARLOTTA_6_N001,39.25946,96
2022-09-17T18:00:00-00:00,2022-09-17T19:00:00-00:00,2022-09-17,12,CARLOTTA_6_N001,34.14779,96
2022-09-17T19:00:00-00:00,2022-09-17T20:00:00-00:00,2022-09-17,13,CARLOTTA_6_N001,35.7596,96
2022-09-17T20:00:00-00:00,2022-09-17T21:00:00-00:00,2022-09-17,14,CARLOTTA_6_N001,40.96776,96
2022-09-17T21:00:00-00:00,2022-09-17T22:00:00-00:00,2022-09-17,15,CARLOTTA_6_N001,44.41345,96
2022-09-17T22:00:00-00:00,2022-09-17T23:00:00-00:00,2022-09-17,16,CARLOTTA_6_N001,46.30382,96
2022-09-17T23:00:00-00:00,2022-09-18T00:00:00-00:00,2022-09-17,17,CARLOTTA_6_N001,50.76695,96
2022-09-18T00:00:00-00:00,2022-09-18T01:00:00-00:00,2022-09-17,18,CARLOTTA_6_N001,65.16071,96
2022-09-18T01:00:00-00:00,2022-09-18T02:00:00-00:00,2022-09-17,19,CARLOTTA_6_N001,87.11642,96
2022-09-18T02:00:00-00:00,2022-09-18T03:00:00-00:00,2022-09-17,20,CARLOTTA_6_N001,86.2056,96
2022-09-18T03:00:00-00:00,2022-09-18T04:00:00-00:00,2022-09-17,21,CARLOTTA_6_N001,83.93903,96
2022-09-18T04:00:00-00:00,2022-09-18T05:00:00-00:00,2022-09-17,22,CARLOTTA_6_N001,85.07562,96
2022-09-18T05:00:00-00:00,2022-09-18T06:00:00-00:00,2022-09-17,23,CARLOTTA_6_N001,87.94997,96
2022-09-18T06:00:00-00:00,2022-09-18T07:00:00-00:00,2022-09-17,24,CARLOTTA_6_N001,78.4149,96
2022-09-18T07:00:00-00:00,2022-09-18T08:00:00-00:00,2022-09-18,1,CARLOTTA_6_N001,75.18269,101
2022-09-18T08:00:00-00:00,2022-09-18T09:00:00-00:00,2022-09-18,2,CARLOTTA_6_N001,69.5644,101
2022-09-18T09:00:00-00:00,2022-09-18T10:00:00-00:00,2022-09-18,3,CARLOTTA_6_N001,67.61156,101
2022-09-18T10:00:00-00:00,2022-09-18T11:00:00-00:00,2022-09-18,4,CARLOTTA_6_N001,68.77762,101
2022-09-18T11:00:00-00:00,2022-09-18T12:00:00-00:00,2022-09-18,5,CARLOTTA_6_N001,70.88477,101
2022-09-18T12:00:00-00:00,2022-09-18T13:00:00-00:00,2022-09-18,6,CARLOTTA_6_N001,68.38056,101
2022-09-18T13:00:00-00:00,2022-09-18T14:00:00-00:00,2022-09-18,7,CARLOTTA_6_N001,67.36226,101
2022-09-18T14:00:00-00:00,2022-09-18T15:00:00-00:00,2022-09-18,8,CARLOTTA_6_N001,66.00211,101
2022-09-18T15:00:00-00:00,2022-09-18T16:00:00-00:00,2022-09-18,9,CARLOTTA_6_N001,50.89226,101
2022-09-18T16:00:00-00:00,2022-09-18T17:00:00-00:00,2022-09-18,10,CARLOTTA_6_N001,50.32233,101
2022-09-18T17:00:00-00:00,2022-09-18T18:00:00-00:00,2022-09-18,11,CARLOTTA_6_N001,44.56111,101
2022-09-18T18:00:00-00:00,2022-09-18T19:00:00-00:00,2022-09-18,12,CARLOTTA_6_N001,41.72969,101
2022-09-18T19:00:00-00:00,2022-09-18T20:00:00-00:00,2022-09-18,13,CARLOTTA_6_N001,46.22175,101
2022-09-18T20:00:00-00:00,2022-09-18T21:00:00-00:00,2022-09-18,14,CARLOTTA_6_N001,46.30516,101
2022-09-18T21:00:00-00:00,2022-09-18T22:00:00-00:00,2022-09-18,15,CARLOTTA_6_N001,55.02425,101
2022-09-18T22:00:00-00:00,2022-09-18T23:00:00-00:00,2022-09-18,16,CARLOTTA_6_N001,60.43576,101
2022-09-18T23:00:00-00:00,2022-09-19T00:00:00-00:00,2022-09-18,17,CARLOTTA_6_N001,66.80184,101
2022-09-19T00:00:00-00:00,2022-09-19T01:00:00-00:00,2022-09-18,18,CARLOTTA_6_N001,81.42449,101
2022-09-19T01:00:00-00:00,2022-09-19T02:00:00-00:00,2022-09-18,19,CARLOTTA_6_N001,97.66335,101
2022-09-19T02:00:00-00:00,2022-09-19T03:00:00-00:00,2022-09-18,20,CARLOTTA_6_N001,105.60171,101
2022-09-19T03:00:00-00:00,2022-09-19T04:00:00-00:00,2022-09-18,21,CARLOTTA_6_N001,98.38076,101
2022-09-19T04:00:00-00:00,2022-09-19T05:00:00-00:00,2022-09-18,22,CARLOTTA_6_N001,93.49266,101
2022-09-19T05:00:00-00:00,2022-09-19T06:00:00-00:00,2022-09-18,23,CARLOTTA_6_N001,83.36192,101
2022-09-19T06:00:00-00:00,2022-09-19T07:00:00-00:00,2022-09-18,24,CARLOTTA_6_N001,76.80577,101
2022-09-19T07:00:00-00:00,2022-09-19T08:00:00-00:00,2022-09-19,1,CARLOTTA_6_N001,73.41964,106
2022-09-19T08:00:00-00:00,2022-09-19T09:00:00-00:00,2022-09-19,2,CARLOTTA_6_N001,71.66228,106
2022-09-19T09:00:00-00:00,2022-09-19T10:00:00-00:00,2022-09-19,3,CARLOTTA_6_N001,70.77856,106
2022-09-19T10:00:00-00:00,2022-09-19T11:00:00-00:00,2022-09-19,4,CARLOTTA_6_N001,71.64864,106
2022-09-19T11:00:00-00:00,2022-09-19T12:00:00-00:00,2022-09-19,5,CARLOTTA_6_N001,71.58348,106
2022-09-19T12:00:00-00:00,2022-09-19T13:00:00-00:00,2022-09-19,6,CARLOTTA_6_N001,75.46745,106
2022-09-19T13:00:00-00:00,2022-09-19T14:00:00-00:00,2022-09-19,7,CARLOTTA_6_N001,85.42009,106
2022-09-19T14:00:00-00:00,2022-09-19T15:00:00-00:00,2022-09-19,8,CARLOTTA_6_N001,86.70076,106
2022-09-19T15:00:00-00:00,2022-09-19T16:00:00-00:00,2022-09-19,9,CARLOTTA_6_N001,84.89481,106
2022-09-19T16:00:00-00:00,2022-09-19T17:00:00-00:00,2022-09-19,10,CARLOTTA_6_N001,78.91921,106
2022-09-19T17:00:00-00:00,2022-09-19T18:00:00-00:00,2022-09-19,11,CARLOTTA_6_N001,75.44225,106
2022-09-19T18:00:00-00:00,2022-09-19T19:00:00-00:00,2022-09-19,12,CARLOTTA_6_N001,66.94081,106
2022-09-19T19:00:00-00:00,2022-09-19T20:00:00-00:00,2022-09-19,13,CARLOTTA_6_N001,71.0594,106
2022-09-19T20:00:00-00:00,2022-09-19T21:00:00-00:00,2022-09-19,14,CARLOTTA_6_N001,68.03003,106
2022-09-19T21:00:00-00:00,2022-09-19T22:00:00-00:00,2022-09-19,15,CARLOTTA_6_N001,71.51159,106
2022-09-19T22:00:00-00:00,2022-09-19T23:00:00-00:00,2022-09-19,16,CARLOTTA_6_N001,67.94627,106
2022-09-19T23:00:00-00:00,2022-09-20T00:00:00-00:00,2022-09-19,17,CARLOTTA_6_N001,73.75756,106
2022-09-20T00:00:00-00:00,2022-09-20T01:00:00-00:00,2022-09-19,18,CARLOTTA_6_N001,83.72384,106
2022-09-20T01:00:00-00:00,2022-09-20T02:00:00-00:00,2022-09-19,19,CARLOTTA_6_N001,99.5836,106
2022-09-20T02:00:00-00:00,2022-09-20T03:00:00-00:00,2022-09-19,20,CARLOTTA_6_N001,104.94753,106
2022-09-20T03:00:00-00:00,2022-09-20T04:00:00-00:00,2022-09-19,21,CARLOTTA_6_N001,85.61207,106
2022-09-20T04:00:00-00:00,2022-09-20T05:00:00-00:00,2022-09-19,22,CARLOTTA_6_N001,76.25094,106
2022-09-20T05:00:00-00:00,2022-09-20T06:00:00-00:00,2022-09-19,23,CARLOTTA_6_N001,70.37693,106
2022-09-20T06:00:00-00:00,2022-09-20T07:00:00-00:00,2022-09-19,24,CARLOTTA_6_N001,76.81182,106
2022-09-20T07:00:00-00:00,2022-09-20T08:00:00-00:00,2022-09-20,1,CARLOTTA_6_N001,76.59618,111
2022-09-20T08:00:00-00:00,2022-09-20T09:00:00-00:00,2022-09-20,2,CARLOTTA_6_N001,73.25974,111
2022-09-20T09:00:00-00:00,2022-09-20T10:00:00-00:00,2022-09-20,3,CARLOTTA_6_N001,65.13948,111
2022-09-20T10:00:00-00:00,2022-09-20T11:00:00-00:00,2022-09-20,4,CARLOTTA_6_N001,69.51527,111
2022-09-20T11:00:00-00:00,2022-09-20T12:00:00-00:00,2022-09-20,5,CARLOTTA_6_N001,68.28337,111
2022-09-20T12:00:00-00:00,2022-09-20T13:00:00-00:00,2022-09-20,6,CARLOTTA_6_N001,66.43366,111
2022-09-20T13:00:00-00:00,2022-09-20T14:00:00-00:00,2022-09-20,7,CARLOTTA_6_N001,85.81639,111
2022-09-20T14:00:00-00:00,2022-09-20T15:00:00-00:00,2022-09-20,8,CARLOTTA_6_N001,82.03031,111
2022-09-20T15:00:00-00:00,2022-09-20T16:00:00-00:00,2022-09-20,9,CARLOTTA_6_N001,68.34386,111
2022-09-20T16:00:00-00:00,2022-09-20T17:00:00-00:00,2022-09-20,10,CARLOTTA_6_N001,72.57943,111
2022-09-20T17:00:00-00:00,2022-09-20T18:00:00-00:00,2022-09-20,11,CARLOTTA_6_N001,65.86252,111
2022-09-20T18:00:00-00:00,2022-09-20T19:00:00-00:00,2022-09-20,12,CARLOTTA_6_N001,63.52915,111
2022-09-20T19:00:00-00:00,2022-09-20T20:00:00-00:00,2022-09-20,13,CARLOTTA_6_N001,66.13764,111
2022-09-20T20:00:00-00:00,2022-09-20T21:00:00-00:00,2022-09-20,14,CARLOTTA_6_N001,67.46345,111
2022-09-20T21:00:00-00:00,2022-09-20T22:00:00-00:00,2022-09-20,15,CARLOTTA_6_N001,72.6704,111
2022-09-20T22:00:00-00:00,2022-09-20T23:00:00-00:00,2022-09-20,16,CARLOTTA_6_N001,73.53624,111
2022-09-20T23:00:00-00:00,2022-09-21T00:00:00-00:00,2022-09-20,17,CARLOTTA_6_N001,71.65122,111
2022-09-21T00:00:00-00:00,2022-09-21T01:00:00-00:00,2022-09-20,18,CARLOTTA_6_N001,82.83581,111
2022-09-21T01:00:00-00:00,2022-09-21T02:00:00-00:00,2022-09-20,19,CARLOTTA_6_N001,96.78989,111
2022-09-21T02:00:00-00:00,2022-09-21T03:00:00-00:00,2022-09-20,20,CARLOTTA_6_N001,96.04787,111
2022-09-21T03:00:00-00:00,2022-09-21T04:00:00-00:00,2022-09-20,21,CARLOTTA_6_N001,91.11371,111
2022-09-21T04:00:00-00:00,2022-09-21T05:00:00-00:00,2022-09-20,22,CARLOTTA_6_N001,83.65677,111
2022-09-21T05:00:00-00:00,2022-09-21T06:00:00-00:00,2022-09-20,23,CARLOTTA_6_N001,86.44597,111
2022-09-21T06:00:00-00:00,2022-09-21T07:00:00-00:00,2022-09-20,24,CARLOTTA_6_N001,78.85886,111
2022-09-21T07:00:00-00:00,2022-09-21T08:00:00-00:00,2022-09-21,1,CARLOTTA_6_N001,85.28323,116
2022-09-21T08:00:00-00:00,2022-09-21T09:00:00-00:00,2022-09-21,2,CARLOTTA_6_N001,79.21876,116
2022-09-21T09:00:00-00:00,2022-09-21T10:00:00-00:00,2022-09-21,3,CARLOTTA_6_N001,75.29812,116
2022-09-21T10:00:00-00:00,2022-09-21T11:00:00-00:00,2022-09-21,4,CARLOTTA_6_N001,76.46022,116
2022-09-21T11:00:00-00:00,2022-09-21T12:00:00-00:00,2022-09-21,5,CARLOTTA_6_N001,74.57715,116
2022-09-21T12:00:00-00:00,2022-09-21T13:00:00-00:00,2022-09-21,6,CARLOTTA_6_N001,83.19914,116
2022-09-21T13:00:00-00:00,2022-09-21T14:00:00-00:00,2022-09-21,7,CARLOTTA_6_N001,94.89703,116
2022-09-21T14:00:00-00:00,2022-09-21T15:00:00-00:00,2022-09-21,8,CARLOTTA_6_N001,83.25836,116
2022-09-21T15:00:00-00:00,2022-09-21T16:00:00-00:00,2022-09-21,9,CARLOTTA_6_N001,70.07754,116
2022-09-21T16:00:00-00:00,2022-09-21T17:00:00-00:00,2022-09-21,10,CARLOTTA_6_N001,66.78611,116
2022-09-21T17:00:00-00:00,2022-09-21T18:00:00-00:00,2022-09-21,11,CARLOTTA_6_N001,68.76274,116
2022-09-21T18:00:00-00:00,2022-09-21T19:00:00-00:00,2022-09-21,12,CARLOTTA_6_N001,64.73813,116
2022-09-21T19:00:00-00:00,2022-09-21T20:00:00-00:00,2022-09-21,13,CARLOTTA_6_N001,64.07641,116
2022-09-21T20:00:00-00:00,2022-09-21T21:00:00-00:00,2022-09-21,14,CARLOTTA_6_N001,68.45993,116
2022-09-21T21:00:00-00:00,2022-09-21T22:00:00-00:00,2022-09-21,15,CARLOTTA_6_N001,70.29373,116
2022-09-21T22:00:00-00:00,2022-09-21T23:00:00-00:00,2022-09-21,16,CARLOTTA_6_N001,70.88023,116
2022-09-21T23:00:00-00:00,2022-09-22T00:00:00-00:00,2022-09-21,17,CARLOTTA_6_N001,67.63331,116
2022-09-22T00:00:00-00:00,2022-09-22T01:00:00-00:00,2022-09-21,18,CARLOTTA_6_N001,79.77421,116
2022-09-22T01:00:00-00:00,2022-09-22T02:00:00-00:00,2022-09-21,19,CARLOTTA_6_N001,102.37061,116
2022-09-22T02:00:00-00:00,2022-09-22T03:00:00-00:00,2022-09-21,20,CARLOTTA_6_N001,99.61224,116
2022-09-22T03:00:00-00:00,2022-09-22T04:00:00-00:00,2022-09-21,21,CARLOTTA_6_N001,89.29472,116
2022-09-22T04:00:00-00:00,2022-09-22T05:00:00-00:00,2022-09-21,22,CARLOTTA_6_N001,84.58468,116
2022-09-22T05:00:00-00:00,2022-09-22T06:00:00-00:00,2022-09-21,23,CARLOTTA_6_N001,77.52033,116
2022-09-22T06:00:00-00:00,2022-09-22T07:00:00-00:00,2022-09-21,24,CARLOTTA_6_N001,75.29432,116
2022-09-22T07:00:00-00:00,2022-09-22T08:00:00-00:00,2022-09-22,1,CARLOTTA_6_N001,72.72727,121
2022-09-22T08:00:00-00:00,2022-09-22T09:00:00-00:00,2022-09-22,2,CARLOTTA_6_N001,68.3098,121
2022-09-22T09:00:00-00:00,2022-09-22T10:00:00-00:00,2022-09-22,3,CARLOTTA_6_N001,68.77007,121
2022-09-22T10:00:00-00:00,2022-09-22T11:00:00-00:00,2022-09-22,4,CARLOTTA_6_N001,67.78967,121
2022-09-22T11:00:00-00:00,2022-09-22T12:00:00-00:00,2022-09-22,5,CARLOTTA_6_N001,71.95468,121
2022-09-22T12:00:00-00:00,2022-09-22T13:00:00-00:00,2022-09-22,6,CARLOTTA_6_N001,80.46516,121
2022-09-22T13:00:00-00:00,2022-09-22T14:00:00-00:00,2022-09-22,7,CARLOTTA_6_N001,91.97518,121
2022-09-22T14:00:00-00:00,2022-09-22T15:00:00-00:00,2022-09-22,8,CARLOTTA_6_N001,68.51516,121
2022-09-22T15:00:00-00:00,2022-09-22T16:00:00-00:00,2022-09-22,9,CARLOTTA_6_N001,62.18359,121
2022-09-22T16:00:00-00:00,2022-09-22T17:00:00-00:00,2022-09-22,10,CARLOTTA_6_N001,57.51007,121
2022-09-22T17:00:00-00:00,2022-09-22T18:00:00-00:00,2022-09-22,11,CARLOTTA_6_N001,53.16628,121
2022-09-22T18:00:00-00:00,2022-09-22T19:00:00-00:00,2022-09-22,12,CARLOTTA_6_N001,52.9739,121
2022-09-22T19:00:00-00:00,2022-09-22T20:00:00-00:00,2022-09-22,13,CARLOTTA_6_N001,52.39329,121
2022-09-22T20:00:00-00:00,2022-09-22T21:00:00-00:00,2022-09-22,14,CARLOTTA_6_N001,62.67424,121
2022-09-22T21:00:00-00:00,2022-09-22T22:00:00-00:00,2022-09-22,15,CARLOTTA_6_N001,66.17125,121
2022-09-22T22:00:00-00:00,2022-09-22T23:00:00-00:00,2022-09-22,16,CARLOTTA_6_N001,68.81266,121
2022-09-22T23:00:00-00:00,2022-09-23T00:00:00-00:00,2022-09-22,17,CARLOTTA_6_N001,71.7051,121
2022-09-23T00:00:00-00:00,2022-09-23T01:00:00-00:00,2022-09-22,18,CARLOTTA_6_N001,87.56969,121
2022-09-23T01:00:00-00:00,2022-09-23T02:00:00-00:00,2022-09-22,19,CARLOTTA_6_N001,117.15079,121
2022-09-23T02:00:00-00:00,2022-09-23T03:00:00-00:00,2022-09-22,20,CARLOTTA_6_N001,115.07859,121
2022-09-23T03:00:00-00:00,2022-09-23T04:00:00-00:00,2022-09-22,21,CARLOTTA_6_N001,102.13417,121
2022-09-23T04:00:00-00:00,2022-09-23T05:00:00-00:00,2022-09-22,22,CARLOTTA_6_N001,92.16122,121
2022-09-23T05:00:00-00:00,2022-09-23T06:00:00-00:00,2022-09-22,23,CARLOTTA_6_N001,81.18685,121
2022-09-23T06:00:00-00:00,2022-09-23T07:00:00-00:00,2022-09-22,24,CARLOTTA_6_N001,75.33148,121
2022-09-23T07:00:00-00:00,2022-09-23T08:00:00-00:00,2022-09-23,1,CARLOTTA_6_N001,72.32224,126
2022-09-23T08:00:00-00:00,2022-09-23T09:00:00-00:00,2022-09-23,2,CARLOTTA_6_N001,68.08992,126
2022-09-23T09:00:00-00:00,2022-09-23T10:00:00-00:00,2022-09-23,3,CARLOTTA_6_N001,63.23186,126
2022-09-23T10:00:00-00:00,2022-09-23T11:00:00-00:00,2022-09-23,4,CARLOTTA_6_N001,63.42926,126
2022-09-23T11:00:00-00:00,2022-09-23T12:00:00-00:00,2022-09-23,5,CARLOTTA_6_N001,65.46928,126
2022-09-23T12:00:00-00:00,2022-09-23T13:00:00-00:00,2022-09-23,6,CARLOTTA_6_N001,73.36828,126
2022-09-23T13:00:00-00:00,2022-09-23T14:00:00-00:00,2022-09-23,7,CARLOTTA_6_N001,81.32545,126
2022-09-23T14:00:00-00:00,2022-09-23T15:00:00-00:00,2022-09-23,8,CARLOTTA_6_N001,68.31168,126
2022-09-23T15:00:00-00:00,2022-09-23T16:00:00-00:00,2022-09-23,9,CARLOTTA_6_N001,57.89647,126
2022-09-23T16:00:00-00:00,2022-09-23T17:00:00-00:00,2022-09-23,10,CARLOTTA_6_N001,52.12385,126
2022-09-23T17:00:00-00:00,2022-09-23T18:00:00-00:00,2022-09-23,11,CARLOTTA_6_N001,47.95955,126
2022-09-23T18:00:00-00:00,2022-09-23T19:00:00-00:00,2022-09-23,12,CARLOTTA_6_N001,51.91372,126
2022-09-23T19:00:00-00:00,2022-09-23T20:00:00-00:00,2022-09-23,13,CARLOTTA_6_N001,55.4838,126
2022-09-23T20:00:00-00:00,2022-09-23T21:00:00-00:00,2022-09-23,14,CARLOTTA_6_N001,65.65449,126
2022-09-23T21:00:00-00:00,2022-09-23T22:00:00-00:00,2022-09-23,15,CARLOTTA_6_N001,70.05135,126
2022-09-23T22:00:00-00:00,2022-09-23T23:00:00-00:00,2022-09-23,16,CARLOTTA_6_N001,78.27722,126
2022-09-23T23:00:00-00:00,2022-09-24T00:00:00-00:00,2022-09-23,17,CARLOTTA_6_N001,82.28839,126
2022-09-24T00:00:00-00:00,2022-09-24T01:00:00-00:00,2022-09-23,18,CARLOTTA_6_N001,105.20012,126
2022-09-24T01:00:00-00:00,2022-09-24T02:00:00-00:00,2022-09-23,19,CARLOTTA_6_N001,136.54166,126
2022-09-24T02:00:00-00:00,2022-09-24T03:00:00-00:00,2022-09-23,20,CARLOTTA_6_N001,71.97369,126
2022-09-24T03:00:00-00:00,2022-09-24T04:00:00-00:00,2022-09-23,21,CARLOTTA_6_N001,27.595,126
2022-09-24T04:00:00-00:00,2022-09-24T05:00:00-00:00,2022-09-23,22,CARLOTTA_6_N001,96.8471,126
2022-09-24T05:00:00-00:00,2022-09-24T06:00:00-00:00,2022-09-23,23,CARLOTTA_6_N001,88.66398,126
2022-09-24T06:00:00-00:00,2022-09-24T07:00:00-00:00,2022-09-23,24,CARLOTTA_6_N001,80.92301,126
2022-09-24T07:00:00-00:00,2022-09-24T08:00:00-00:00,2022-09-24,1,CARLOTTA_6_N001,66.82456,131
2022-09-24T08:00:00-00:00,2022-09-24T09:00:00-00:00,2022-09-24,2,CARLOTTA_6_N001,67.3425,131
2022-09-24T09:00:00-00:00,2022-09-24T10:00:00-00:00,2022-09-24,3,CARLOTTA_6_N001,71.57252,131
2022-09-24T10:00:00-00:00,2022-09-24T11:00:00-00:00,2022-09-24,4,CARLOTTA_6_N001,67.43503,131
2022-09-24T11:00:00-00:00,2022-09-24T12:00:00-00:00,2022-09-24,5,CARLOTTA_6_N001,72.31839,131
2022-09-24T12:00:00-00:00,2022-09-24T13:00:00-00:00,2022-09-24,6,CARLOTTA_6_N001,76.33631,131
2022-09-24T13:00:00-00:00,2022-09-24T14:00:00-00:00,2022-09-24,7,CARLOTTA_6_N001,72.76731,131
2022-09-24T14:00:00-00:00,2022-09-24T15:00:00-00:00,2022-09-24,8,CARLOTTA_6_N001,63.14592,131
2022-09-24T15:00:00-00:00,2022-09-24T16:00:00-00:00,2022-09-24,9,CARLOTTA_6_N001,49.35936,131
2022-09-24T16:00:00-00:00,2022-09-24T17:00:00-00:00,2022-09-24,10,CARLOTTA_6_N001,42.70993,131
2022-09-24T17:00:00-00:00,2022-09-24T18:00:00-00:00,2022-09-24,11,CARLOTTA_6_N001,43.25522,131
2022-09-24T18:00:00-00:00,2022-09-24T19:00:00-00:00,2022-09-24,12,CARLOTTA_6_N001,47.79021,131
2022-09-24T19:00:00-00:00,2022-09-24T20:00:00-00:00,2022-09-24,13,CARLOTTA_6_N001,52.56206,131
2022-09-24T20:00:00-00:00,2022-09-24T21:00:00-00:00,2022-09-24,14,CARLOTTA_6_N001,60.1271,131
2022-09-24T21:00:00-00:00,2022-09-24T22:00:00-00:00,2022-09-24,15,CARLOTTA_6_N001,70.75518,131
2022-09-24T22:00:00-00:00,2022-09-24T23:00:00-00:00,2022-09-24,16,CARLOTTA_6_N001,72.96467,131
2022-09-24T23:00:00-00:00,2022-09-25T00:00:00-00:00,2022-09-24,17,CARLOTTA_6_N001,81.99104,131
2022-09-25T00:00:00-00:00,2022-09-25T01:00:00-00:00,2022-09-24,18,CARLOTTA_6_N001,99.47645,131
2022-09-25T01:00:00-00:00,2022-09-25T02:00:00-00:00,2022-09-24,19,CARLOTTA_6_N001,136.74364,131
2022-09-25T02:00:00-00:00,2022-09-25T03:00:00-00:00,2022-09-24,20,CARLOTTA_6_N001,106.31978,131
2022-09-25T03:00:00-00:00,2022-09-25T04:00:00-00:00,2022-09-24,21,CARLOTTA_6_N001,100.90329,131
2022-09-25T04:00:00-00:00,2022-09-25T05:00:00-00:00,2022-09-24,22,CARLOTTA_6_N001,89.63319,131
2022-09-25T05:00:00-00:00,2022-09-25T06:00:00-00:00,2022-09-24,23,CARLOTTA_6_N001,76.67991,131
2022-09-25T06:00:00-00:00,2022-09-25T07:00:00-00:00,2022-09-24,24,CARLOTTA_6_N001,77.89994,131
2022-09-25T07:00:00-00:00,2022-09-25T08:00:00-00:00,2022-09-25,1,CARLOTTA_6_N001,73.76135,136
2022-09-25T08:00:00-00:00,2022-09-25T09:00:00-00:00,2022-09-25,2,CARLOTTA_6_N001,73.87704,136
2022-09-25T09:00:00-00:00,2022-09-25T10:00:00-00:00,2022-09-25,3,CARLOTTA_6_N001,73.22282,136
2022-09-25T10:00:00-00:00,2022-09-25T11:00:00-00:00,2022-09-25,4,CARLOTTA_6_N001,76.072,136
2022-09-25T11:00:00-00:00,2022-09-25T12:00:00-00:00,2022-09-25,5,CARLOTTA_6_N001,78.4484,136
2022-09-25T12:00:00-00:00,2022-09-25T13:00:00-00:00,2022-09-25,6,CARLOTTA_6_N001,72.98414,136
2022-09-25T13:00:00-00:00,2022-09-25T14:00:00-00:00,2022-09-25,7,CARLOTTA_6_N001,73.52579,136
2022-09-25T14:00:00-00:00,2022-09-25T15:00:00-00:00,2022-09-25,8,CARLOTTA_6_N001,68.70245,136
2022-09-25T15:00:00-00:00,2022-09-25T16:00:00-00:00,2022-09-25,9,CARLOTTA_6_N001,50.61218,136
2022-09-25T16:00:00-00:00,2022-09-25T17:00:00-00:00,2022-09-25,10,CARLOTTA_6_N001,45.50236,136
2022-09-25T17:00:00-00:00,2022-09-25T18:00:00-00:00,2022-09-25,11,CARLOTTA_6_N001,46.76027,136
2022-09-25T18:00:00-00:00,2022-09-25T19:00:00-00:00,2022-09-25,12,CARLOTTA_6_N001,54.82528,136
2022-09-25T19:00:00-00:00,2022-09-25T20:00:00-00:00,2022-09-25,13,CARLOTTA_6_N001,63.54145,136
2022-09-25T20:00:00-00:00,2022-09-25T21:00:00-00:00,2022-09-25,14,CARLOTTA_6_N001,66.19172,136
2022-09-25T21:00:00-00:00,2022-09-25T22:00:00-00:00,2022-09-25,15,CARLOTTA_6_N001,66.67615,136
2022-09-25T22:00:00-00:00,2022-09-25T23:00:00-00:00,2022-09-25,16,CARLOTTA_6_N001,72.26818,136
2022-09-25T23:00:00-00:00,2022-09-26T00:00:00-00:00,2022-09-25,17,CARLOTTA_6_N001,76.63241,136
2022-09-26T00:00:00-00:00,2022-09-26T01:00:00-00:00,2022-09-25,18,CARLOTTA_6_N001,95.45202,136
2022-09-26T01:00:00-00:00,2022-09-26T02:00:00-00:00,2022-09-25,19,CARLOTTA_6_N001,129.55,136
2022-09-26T02:00:00-00:00,2022-09-26T03:00:00-00:00,2022-09-25,20,CARLOTTA_6_N001,101.07183,136
2022-09-26T03:00:00-00:00,2022-09-26T04:00:00-00:00,2022-09-25,21,CARLOTTA_6_N001,87.63381,136
2022-09-26T04:00:00-00:00,2022-09-26T05:00:00-00:00,2022-09-25,22,CARLOTTA_6_N001,84.88954,136
2022-09-26T05:00:00-00:00,2022-09-26T06:00:00-00:00,2022-09-25,23,CARLOTTA_6_N001,79.94645,136
2022-09-26T06:00:00-00:00,2022-09-26T07:00:00-00:00,2022-09-25,24,CARLOTTA_6_N001,83.71366,136
2022-09-26T07:00:00-00:00,2022-09-26T08:00:00-00:00,2022-09-26,1,CARLOTTA_6_N001,63.96433,141
2022-09-26T08:00:00-00:00,2022-09-26T09:00:00-00:00,2022-09-26,2,CARLOTTA_6_N001,69.2069,141
2022-09-26T09:00:00-00:00,2022-09-26T10:00:00-00:00,2022-09-26,3,CARLOTTA_6_N001,64.48307,141
2022-09-26T10:00:00-00:00,2022-09-26T11:00:00-00:00,2022-09-26,4,CARLOTTA_6_N001,65.29977,141
2022-09-26T11:00:00-00:00,2022-09-26T12:00:00-00:00,2022-09-26,5,CARLOTTA_6_N001,63.50287,141
2022-09-26T12:00:00-00:00,2022-09-26T13:00:00-00:00,2022-09-26,6,CARLOTTA_6_N001,73.65928,141
2022-09-26T13:00:00-00:00,2022-09-26T14:00:00-00:00,2022-09-26,7,CARLOTTA_6_N001,91.06667,141
2022-09-26T14:00:00-00:00,2022-09-26T15:00:00-00:00,2022-09-26,8,CARLOTTA_6_N001,89.15852,141
2022-09-26T15:00:00-00:00,2022-09-26T16:00:00-00:00,2022-09-26,9,CARLOTTA_6_N001,76.20059,141
2022-09-26T16:00:00-00:00,2022-09-26T17:00:00-00:00,2022-09-26,10,CARLOTTA_6_N001,72.33036,141
2022-09-26T17:00:00-00:00,2022-09-26T18:00:00-00:00,2022-09-26,11,CARLOTTA_6_N001,69.19289,141
2022-09-26T18:00:00-00:00,2022-09-26T19:00:00-00:00,2022-09-26,12,CARLOTTA_6_N001,64.88502,141
2022-09-26T19:00:00-00:00,2022-09-26T20:00:00-00:00,2022-09-26,13,CARLOTTA_6_N001,70.999,141
2022-09-26T20:00:00-00:00,2022-09-26T21:00:00-00:00,2022-09-26,14,CARLOTTA_6_N001,76.49868,141
2022-09-26T21:00:00-00:00,2022-09-26T22:00:00-00:00,2022-09-26,15,CARLOTTA_6_N001,89.21332,141
2022-09-26T22:00:00-00:00,2022-09-26T23:00:00-00:00,2022-09-26,16,CARLOTTA_6_N001,85.41038,141
2022-09-26T23:00:00-00:00,2022-09-27T00:00:00-00:00,2022-09-26,17,CARLOTTA_6_N001,101.22609,141
2022-09-27T00:00:00-00:00,2022-09-27T01:00:00-00:00,2022-09-26,18,CARLOTTA_6_N001,116.77689,141
2022-09-27T01:00:00-00:00,2022-09-27T02:00:00-00:00,2022-09-26,19,CARLOTTA_6_N001,138.86089,141
2022-09-27T02:00:00-00:00,2022-09-27T03:00:00-00:00,2022-09-26,20,CARLOTTA_6_N001,131.28883,141
2022-09-27T03:00:00-00:00,2022-09-27T04:00:00-00:00,2022-09-26,21,CARLOTTA_6_N001,84.61154,141
2022-09-27T04:00:00-00:00,2022-09-27T05:00:00-00:00,2022-09-26,22,CARLOTTA_6_N001,78.29044,141
2022-09-27T05:00:00-00:00,2022-09-27T06:00:00-00:00,2022-09-26,23,CARLOTTA_6_N001,102.63204,141
2022-09-27T06:00:00-00:00,2022-09-27T07:00:00-00:00,2022-09-26,24,CARLOTTA_6_N001,88.63025,141
